43.9305 43.9305
10.0211 10.0211
27.6991 27.6991
80.9803 80.9803
14.767 14.767
55.5747 55.5747
79.3924 79.3924
68.8068 68.8068
22.2299 22.2299
25.7584 25.7584
60.3382 60.3382
14.5553 14.5553
15.7903 15.7903
15.8256 15.8256
12.544 12.544
35.462 35.462
33.1684 33.1684
23.6413 23.6413
46.4005 46.4005
46.4005 46.4005
14.273 14.273
137.79 137.79
137.79 137.79
54.869 54.869
39.5198 39.5198
22.2299 22.2299
21.1713 21.1713
21.1713 21.1713
26.1113 26.1113
18.5249 18.5249
79.7453 79.7453
79.7453 79.7453
34.7562 34.7562
59.9854 59.9854
22.0535 22.0535
53.4576 53.4576
23.8177 23.8177
102.152 102.152
16.3901 16.3901
24.347 24.347
10.1975 10.1975
12.6851 12.6851
28.7577 28.7577
28.7577 28.7577
17.0076 17.0076
15.3316 15.3316
19.7599 19.7599
22.4063 22.4063
11.556 11.556
45.5183 45.5183
49.0469 49.0469
32.992 32.992
35.462 35.462
73.9232 73.9232
78.8632 78.8632
19.407 19.407
25.2292 25.2292
15.9491 15.9491
61.2204 61.2204
37.5791 37.5791
82.921 82.921
76.2167 76.2167
10.7092 10.7092
41.6369 41.6369
37.2262 37.2262
14.7493 14.7493
20.2892 20.2892
20.2892 20.2892
19.5835 19.5835
18.172 18.172
27.3463 27.3463
38.2848 38.2848
38.2848 38.2848
137.614 137.614
14.5729 14.5729
45.5183 45.5183
18.8778 18.8778
68.1011 68.1011
15.3316 15.3316
21.5242 21.5242
31.2277 31.2277
33.5212 33.5212
70.2182 70.2182
32.6391 32.6391
23.112 23.112
44.8126 44.8126
44.8126 44.8126
44.8126 44.8126
50.4583 50.4583
21.5242 21.5242
25.9349 25.9349
15.1904 15.1904
20.642 20.642
86.4495 86.4495
86.4495 86.4495
86.4495 86.4495
35.2855 35.2855
27.3463 27.3463
92.4481 92.4481
25.2292 25.2292
29.8163 29.8163
10.9738 10.9738
59.6325 59.6325
26.9934 26.9934
22.5827 22.5827
15.7197 15.7197
57.6918 57.6918
21.3477 21.3477
21.7006 21.7006
70.9239 70.9239
70.9239 70.9239
14.2554 14.2554
26.817 26.817
12.6851 12.6851
51.3404 51.3404
36.6969 36.6969
32.4627 32.4627
23.4649 23.4649
40.7548 40.7548
27.1699 27.1699
40.2255 40.2255
56.9861 56.9861
11.5737 11.5737
19.0542 19.0542
11.9794 11.9794
26.9934 26.9934
26.6406 26.6406
26.6406 26.6406
67.2189 67.2189
105.504 105.504
94.0359 94.0359
24.1706 24.1706
38.8141 38.8141
66.8661 66.8661
24.347 24.347
13.2674 13.2674
14.6082 14.6082
25.7584 25.7584
37.0498 37.0498
37.0498 37.0498
38.1084 38.1084
28.7577 28.7577
23.112 23.112
60.3382 60.3382
45.6948 45.6948
45.6948 45.6948
29.9927 29.9927
56.4568 56.4568
56.4568 56.4568
166.018 166.018
166.018 166.018
52.7519 52.7519
52.7519 52.7519
55.0454 55.0454
11.8912 11.8912
29.1106 29.1106
53.8104 53.8104
53.8104 53.8104
53.8104 53.8104
29.1106 29.1106
27.6991 27.6991
29.1106 29.1106
26.9934 26.9934
20.4656 20.4656
31.4041 31.4041
59.2797 59.2797
32.4627 32.4627
32.6391 32.6391
83.2738 83.2738
21.7006 21.7006
10.5327 10.5327
11.1149 11.1149
32.2863 32.2863
60.8675 60.8675
43.5776 43.5776
33.5212 33.5212
23.8177 23.8177
10.6739 10.6739
12.05 12.05
11.3443 11.3443
26.1113 26.1113
51.5169 51.5169
14.1495 14.1495
35.462 35.462
14.1319 14.1319
43.0483 43.0483
31.4041 31.4041
21.877 21.877
65.2782 65.2782
15.1551 15.1551
38.4612 38.4612
38.4612 38.4612
15.7903 15.7903
41.1076 41.1076
28.5813 28.5813
15.1198 15.1198
10.3387 10.3387
11.7677 11.7677
51.164 51.164
51.164 51.164
18.172 18.172
47.8119 47.8119
39.1669 39.1669
17.2017 17.2017
28.5813 28.5813
21.1713 21.1713
13.5496 13.5496
18.5249 18.5249
29.9927 29.9927
33.1684 33.1684
27.3463 27.3463
21.1713 21.1713
42.3426 42.3426
20.9949 20.9949
127.204 127.204
12.1029 12.1029
28.2284 28.2284
33.3448 33.3448
16.4431 16.4431
43.9305 43.9305
21.7006 21.7006
52.2226 52.2226
46.224 46.224
20.9949 20.9949
14.6082 14.6082
22.9356 22.9356
17.2017 17.2017
21.5242 21.5242
21.5242 21.5242
39.5198 39.5198
23.112 23.112
11.3443 11.3443
11.0267 11.0267
18.5249 18.5249
33.8741 33.8741
14.6964 14.6964
104.974 104.974
27.6991 27.6991
41.4605 41.4605
217.006 217.006
217.006 217.006
52.2226 52.2226
31.9334 31.9334
57.339 57.339
15.9667 15.9667
14.6788 14.6788
25.2292 25.2292
100.564 100.564
19.2306 19.2306
31.2277 31.2277
20.2892 20.2892
42.8719 42.8719
19.5835 19.5835
15.6138 15.6138
32.2863 32.2863
32.2863 32.2863
12.2617 12.2617
14.7141 14.7141
67.5718 67.5718
67.5718 67.5718
28.052 28.052
67.5718 67.5718
31.4041 31.4041
22.9356 22.9356
14.1495 14.1495
70.5711 70.5711
21.1713 21.1713
20.2892 20.2892
10.4092 10.4092
23.8177 23.8177
23.8177 23.8177
42.6955 42.6955
25.7584 25.7584
25.7584 25.7584
21.877 21.877
43.5776 43.5776
22.7592 22.7592
23.4649 23.4649
35.462 35.462
19.407 19.407
25.0527 25.0527
112.208 112.208
21.1713 21.1713
17.8192 17.8192
15.508 15.508
18.3485 18.3485
113.972 113.972
10.4092 10.4092
29.9927 29.9927
34.5798 34.5798
13.4261 13.4261
38.6377 38.6377
20.1127 20.1127
10.815 10.815
15.2257 15.2257
15.2257 15.2257
72.5118 72.5118
56.4568 56.4568
22.4063 22.4063
16.5313 16.5313
27.6991 27.6991
25.7584 25.7584
15.261 15.261
28.7577 28.7577
42.5191 42.5191
12.4558 12.4558
15.7021 15.7021
28.052 28.052
33.3448 33.3448
17.3605 17.3605
12.4911 12.4911
19.7599 19.7599
43.9305 43.9305
31.757 31.757
31.2277 31.2277
47.8119 47.8119
17.8192 17.8192
12.5616 12.5616
19.5835 19.5835
22.5827 22.5827
54.5161 54.5161
44.6362 44.6362
44.6362 44.6362
16.2843 16.2843
17.9956 17.9956
18.7013 18.7013
20.8185 20.8185
67.9246 67.9246
67.9246 67.9246
13.3203 13.3203
51.5169 51.5169
55.3983 55.3983
46.5769 46.5769
46.5769 46.5769
47.459 47.459
20.642 20.642
29.9927 29.9927
34.5798 34.5798
20.8185 20.8185
15.0493 15.0493
17.4487 17.4487
50.2819 50.2819
23.2884 23.2884
43.5776 43.5776
16.9723 16.9723
34.4034 34.4034
83.0974 83.0974
40.2255 40.2255
25.4056 25.4056
45.8712 45.8712
41.6369 41.6369
20.2892 20.2892
13.038 13.038
10.9032 10.9032
20.9949 20.9949
24.5234 24.5234
24.5234 24.5234
57.8683 57.8683
31.4041 31.4041
41.8133 41.8133
83.4503 83.4503
85.5674 85.5674
22.2299 22.2299
10.7444 10.7444
13.3379 13.3379
55.9276 55.9276
52.9283 52.9283
46.4005 46.4005
30.6984 30.6984
15.5433 15.5433
36.8734 36.8734
55.3983 55.3983
55.3983 55.3983
61.5732 61.5732
90.3309 90.3309
161.431 161.431
10.1446 10.1446
26.2877 26.2877
15.3492 15.3492
46.9297 46.9297
22.9356 22.9356
14.2201 14.2201
86.4495 86.4495
30.3456 30.3456
17.8192 17.8192
17.8192 17.8192
31.757 31.757
31.757 31.757
22.5827 22.5827
35.1091 35.1091
42.5191 42.5191
42.5191 42.5191
20.9949 20.9949
25.0527 25.0527
49.929 49.929
16.9371 16.9371
27.8756 27.8756
14.2377 14.2377
29.287 29.287
11.6089 11.6089
10.5504 10.5504
38.4612 38.4612
18.172 18.172
16.99 16.99
10.7268 10.7268
23.112 23.112
22.7592 22.7592
11.8383 11.8383
22.7592 22.7592
13.6379 13.6379
11.4678 11.4678
26.6406 26.6406
13.1262 13.1262
10.2857 10.2857
26.6406 26.6406
17.8192 17.8192
102.857 102.857
23.9942 23.9942
82.5681 82.5681
23.2884 23.2884
34.0505 34.0505
37.5791 37.5791
10.6033 10.6033
14.7846 14.7846
15.6491 15.6491
16.3019 16.3019
15.4198 15.4198
13.6379 13.6379
12.5264 12.5264
22.4063 22.4063
14.52 14.52
22.0535 22.0535
13.9554 13.9554
57.5154 57.5154
61.044 61.044
15.0316 15.0316
105.504 105.504
27.6991 27.6991
37.4027 37.4027
29.6398 29.6398
82.2153 82.2153
30.1691 30.1691
45.8712 45.8712
39.5198 39.5198
30.6984 30.6984
11.8207 11.8207
15.0493 15.0493
15.1551 15.1551
32.8155 32.8155
11.7324 11.7324
61.2204 61.2204
195.835 195.835
195.835 195.835
195.835 195.835
18.172 18.172
71.2768 71.2768
27.5227 27.5227
36.5205 36.5205
22.7592 22.7592
19.7599 19.7599
25.4056 25.4056
25.4056 25.4056
28.052 28.052
16.4431 16.4431
44.6362 44.6362
29.6398 29.6398
29.6398 29.6398
40.4019 40.4019
73.5703 73.5703
97.9173 97.9173
97.9173 97.9173
61.5732 61.5732
136.202 136.202
136.202 136.202
136.202 136.202
136.202 136.202
136.202 136.202
59.809 59.809
41.8133 41.8133
56.4568 56.4568
19.5835 19.5835
11.8383 11.8383
18.172 18.172
16.3372 16.3372
16.4783 16.4783
30.8748 30.8748
19.407 19.407
20.2892 20.2892
24.347 24.347
34.7562 34.7562
104.974 104.974
104.974 104.974
104.974 104.974
51.164 51.164
14.5024 14.5024
25.582 25.582
32.992 32.992
49.2233 49.2233
85.0381 85.0381
80.8039 80.8039
43.9305 43.9305
23.8177 23.8177
20.8185 20.8185
15.2963 15.2963
25.9349 25.9349
50.6347 50.6347
22.9356 22.9356
120.324 120.324
46.7533 46.7533
23.2884 23.2884
34.5798 34.5798
34.5798 34.5798
22.7592 22.7592
10.4798 10.4798
11.6089 11.6089
59.809 59.809
36.1677 36.1677
19.0542 19.0542
44.6362 44.6362
39.5198 39.5198
12.7028 12.7028
41.8133 41.8133
61.7497 61.7497
10.8856 10.8856
15.7021 15.7021
17.0782 17.0782
36.3441 36.3441
21.877 21.877
44.1069 44.1069
13.2497 13.2497
11.6972 11.6972
21.1713 21.1713
39.1669 39.1669
107.797 107.797
107.797 107.797
28.7577 28.7577
20.4656 20.4656
33.5212 33.5212
16.496 16.496
40.9312 40.9312
44.2833 44.2833
12.9321 12.9321
96.3295 96.3295
34.0505 34.0505
11.9618 11.9618
10.2152 10.2152
15.8256 15.8256
10.4445 10.4445
15.1551 15.1551
55.7511 55.7511
41.2841 41.2841
11.0091 11.0091
17.0253 17.0253
16.8136 16.8136
29.4634 29.4634
14.0613 14.0613
16.002 16.002
45.3419 45.3419
140.966 140.966
12.2088 12.2088
13.3732 13.3732
38.2848 38.2848
23.9942 23.9942
17.3958 17.3958
13.7966 13.7966
21.3477 21.3477
39.5198 39.5198
33.8741 33.8741
33.8741 33.8741
23.2884 23.2884
51.3404 51.3404
23.9942 23.9942
67.3954 67.3954
11.7501 11.7501
80.6274 80.6274
16.9018 16.9018
66.3368 66.3368
18.172 18.172
31.757 31.757
11.3619 11.3619
31.2277 31.2277
21.1713 21.1713
44.6362 44.6362
12.9851 12.9851
17.5369 17.5369
61.5732 61.5732
43.2248 43.2248
22.4063 22.4063
71.4532 71.4532
37.0498 37.0498
20.8185 20.8185
25.0527 25.0527
23.112 23.112
21.1713 21.1713
26.817 26.817
45.8712 45.8712
12.4205 12.4205
16.4254 16.4254
13.0733 13.0733
127.91 127.91
33.1684 33.1684
10.0917 10.0917
67.7482 67.7482
41.1076 41.1076
16.6371 16.6371
23.6413 23.6413
35.9912 35.9912
59.6325 59.6325
41.9898 41.9898
32.6391 32.6391
64.3961 64.3961
64.3961 64.3961
78.5103 78.5103
94.3888 94.3888
46.5769 46.5769
15.7021 15.7021
31.5805 31.5805
41.1076 41.1076
18.5249 18.5249
16.743 16.743
64.5725 64.5725
20.642 20.642
20.2892 20.2892
25.9349 25.9349
50.1054 50.1054
76.9224 76.9224
20.4656 20.4656
34.7562 34.7562
10.9738 10.9738
14.0789 14.0789
20.4656 20.4656
46.7533 46.7533
62.6318 62.6318
118.03 118.03
118.03 118.03
72.1589 72.1589
129.674 129.674
26.4641 26.4641
57.8683 57.8683
57.8683 57.8683
24.8763 24.8763
97.7409 97.7409
57.5154 57.5154
49.7526 49.7526
27.1699 27.1699
23.4649 23.4649
76.2167 76.2167
18.8778 18.8778
26.4641 26.4641
11.9971 11.9971
73.3939 73.3939
47.6355 47.6355
33.6977 33.6977
11.7324 11.7324
33.5212 33.5212
16.1078 16.1078
38.8141 38.8141
27.8756 27.8756
16.249 16.249
15.0846 15.0846
30.3456 30.3456
57.339 57.339
78.1574 78.1574
15.8961 15.8961
14.8728 14.8728
27.8756 27.8756
61.3968 61.3968
61.3968 61.3968
21.1713 21.1713
16.4254 16.4254
15.755 15.755
17.9956 17.9956
32.1098 32.1098
14.0966 14.0966
55.2218 55.2218
30.1691 30.1691
22.2299 22.2299
21.1713 21.1713
81.8624 81.8624
81.8624 81.8624
23.2884 23.2884
22.0535 22.0535
74.9817 74.9817
16.8136 16.8136
11.6972 11.6972
117.677 117.677
165.666 165.666
69.8653 69.8653
69.8653 69.8653
179.956 179.956
179.956 179.956
179.956 179.956
51.164 51.164
12.0853 12.0853
16.5842 16.5842
15.8785 15.8785
26.1113 26.1113
12.5793 12.5793
32.4627 32.4627
40.4019 40.4019
16.9371 16.9371
21.877 21.877
15.1728 15.1728
21.877 21.877
11.6795 11.6795
24.347 24.347
61.2204 61.2204
59.2797 59.2797
59.2797 59.2797
16.3725 16.3725
32.992 32.992
27.8756 27.8756
15.3139 15.3139
21.5242 21.5242
35.9912 35.9912
22.4063 22.4063
43.2248 43.2248
21.7006 21.7006
23.9942 23.9942
10.7268 10.7268
10.2504 10.2504
13.0909 13.0909
47.2826 47.2826
43.9305 43.9305
14.5376 14.5376
22.4063 22.4063
43.0483 43.0483
17.431 17.431
36.5205 36.5205
37.4027 37.4027
14.4671 14.4671
29.6398 29.6398
29.6398 29.6398
26.1113 26.1113
22.2299 22.2299
21.877 21.877
11.2737 11.2737
15.0316 15.0316
31.2277 31.2277
11.6972 11.6972
11.6795 11.6795
18.5249 18.5249
18.172 18.172
19.7599 19.7599
24.6999 24.6999
21.1713 21.1713
63.8668 63.8668
15.0669 15.0669
13.6555 13.6555
22.5827 22.5827
26.1113 26.1113
20.8185 20.8185
93.5066 93.5066
18.5249 18.5249
15.9314 15.9314
14.6611 14.6611
26.4641 26.4641
46.5769 46.5769
16.7783 16.7783
18.7013 18.7013
18.7013 18.7013
14.4318 14.4318
14.5553 14.5553
72.1589 72.1589
72.1589 72.1589
26.6406 26.6406
31.2277 31.2277
16.8312 16.8312
63.1611 63.1611
63.1611 63.1611
63.1611 63.1611
63.1611 63.1611
15.3845 15.3845
22.4063 22.4063
10.7444 10.7444
35.8148 35.8148
13.4438 13.4438
20.9949 20.9949
10.815 10.815
32.992 32.992
18.3485 18.3485
21.3477 21.3477
16.1608 16.1608
26.9934 26.9934
10.2857 10.2857
10.9032 10.9032
36.1677 36.1677
74.0996 74.0996
74.0996 74.0996
11.0267 11.0267
20.642 20.642
36.5205 36.5205
14.3083 14.3083
19.407 19.407
14.2024 14.2024
27.6991 27.6991
83.6267 83.6267
36.8734 36.8734
14.3789 14.3789
22.5827 22.5827
25.2292 25.2292
29.8163 29.8163
13.1262 13.1262
26.2877 26.2877
61.9261 61.9261
58.2211 58.2211
70.7475 70.7475
46.4005 46.4005
92.6245 92.6245
14.5906 14.5906
56.6333 56.6333
10.8856 10.8856
61.2204 61.2204
16.7253 16.7253
11.0091 11.0091
23.4649 23.4649
18.5249 18.5249
39.3434 39.3434
13.6555 13.6555
35.1091 35.1091
89.6252 89.6252
89.6252 89.6252
11.4678 11.4678
22.0535 22.0535
27.3463 27.3463
22.9356 22.9356
30.522 30.522
15.4903 15.4903
62.1025 62.1025
55.9276 55.9276
55.9276 55.9276
55.9276 55.9276
13.2144 13.2144
44.989 44.989
20.4656 20.4656
12.8086 12.8086
40.0491 40.0491
12.05 12.05
79.0396 79.0396
79.9217 79.9217
13.9731 13.9731
20.9949 20.9949
19.0542 19.0542
19.7599 19.7599
22.0535 22.0535
37.9319 37.9319
37.9319 37.9319
63.5139 63.5139
16.7606 16.7606
13.7084 13.7084
19.0542 19.0542
85.2145 85.2145
11.0444 11.0444
24.347 24.347
15.8079 15.8079
105.68 105.68
24.5234 24.5234
15.4727 15.4727
18.5249 18.5249
40.9312 40.9312
12.2264 12.2264
15.9667 15.9667
90.3309 90.3309
13.2144 13.2144
18.5249 18.5249
20.642 20.642
14.5376 14.5376
22.0535 22.0535
20.642 20.642
88.3902 88.3902
13.3556 13.3556
26.1113 26.1113
15.2081 15.2081
32.2863 32.2863
10.1446 10.1446
15.0493 15.0493
11.3443 11.3443
26.817 26.817
26.2877 26.2877
13.1968 13.1968
15.8961 15.8961
37.4027 37.4027
34.7562 34.7562
18.8778 18.8778
36.1677 36.1677
15.7021 15.7021
43.2248 43.2248
24.6999 24.6999
22.0535 22.0535
21.3477 21.3477
61.5732 61.5732
136.026 136.026
19.2306 19.2306
37.5791 37.5791
23.112 23.112
23.112 23.112
81.1567 81.1567
21.877 21.877
51.164 51.164
16.8488 16.8488
16.6724 16.6724
40.5784 40.5784
61.7497 61.7497
18.7013 18.7013
116.442 116.442
92.0952 92.0952
11.9618 11.9618
32.4627 32.4627
17.0606 17.0606
25.2292 25.2292
12.5087 12.5087
12.5087 12.5087
93.1538 93.1538
67.2189 67.2189
56.6333 56.6333
24.5234 24.5234
11.9794 11.9794
52.5754 52.5754
40.9312 40.9312
40.9312 40.9312
92.4481 92.4481
14.2201 14.2201
49.2233 49.2233
32.992 32.992
29.9927 29.9927
30.522 30.522
112.208 112.208
112.208 112.208
33.8741 33.8741
11.4149 11.4149
39.6962 39.6962
75.1582 75.1582
30.3456 30.3456
93.6831 93.6831
13.9025 13.9025
42.5191 42.5191
46.9297 46.9297
155.256 155.256
155.256 155.256
53.634 53.634
18.172 18.172
70.3946 70.3946
23.8177 23.8177
58.574 58.574
17.3605 17.3605
30.1691 30.1691
68.9832 68.9832
34.7562 34.7562
29.287 29.287
11.062 11.062
123.676 123.676
45.6948 45.6948
19.0542 19.0542
19.2306 19.2306
26.1113 26.1113
26.2877 26.2877
14.2377 14.2377
21.877 21.877
30.8748 30.8748
30.8748 30.8748
25.9349 25.9349
26.6406 26.6406
70.0418 70.0418
10.6915 10.6915
18.5249 18.5249
76.2167 76.2167
20.9949 20.9949
41.4605 41.4605
22.4063 22.4063
26.817 26.817
37.5791 37.5791
58.3975 58.3975
58.3975 58.3975
13.8143 13.8143
123.323 123.323
123.323 123.323
23.6413 23.6413
31.757 31.757
22.2299 22.2299
30.6984 30.6984
17.6428 17.6428
15.3845 15.3845
13.6731 13.6731
57.5154 57.5154
28.7577 28.7577
13.4438 13.4438
13.4438 13.4438
10.0211 10.0211
23.6413 23.6413
37.5791 37.5791
10.4622 10.4622
26.817 26.817
24.347 24.347
22.7592 22.7592
14.0966 14.0966
19.407 19.407
18.8778 18.8778
18.8778 18.8778
17.6428 17.6428
33.3448 33.3448
16.0549 16.0549
33.1684 33.1684
34.5798 34.5798
50.6347 50.6347
28.7577 28.7577
20.642 20.642
20.642 20.642
20.1127 20.1127
10.5504 10.5504
31.0513 31.0513
14.1319 14.1319
23.2884 23.2884
11.2208 11.2208
62.9847 62.9847
11.8736 11.8736
19.0542 19.0542
11.9971 11.9971
12.5264 12.5264
14.6082 14.6082
13.7614 13.7614
48.5176 48.5176
78.5103 78.5103
118.207 118.207
119.089 119.089
66.8661 66.8661
66.8661 66.8661
66.8661 66.8661
66.8661 66.8661
21.7006 21.7006
42.8719 42.8719
17.9956 17.9956
57.6918 57.6918
10.1446 10.1446
86.626 86.626
15.9138 15.9138
97.5645 97.5645
11.6089 11.6089
34.0505 34.0505
33.1684 33.1684
39.5198 39.5198
19.2306 19.2306
34.7562 34.7562
32.2863 32.2863
165.489 165.489
14.4141 14.4141
27.8756 27.8756
15.0669 15.0669
24.1706 24.1706
20.4656 20.4656
48.5176 48.5176
21.1713 21.1713
16.2137 16.2137
26.4641 26.4641
56.2804 56.2804
17.4487 17.4487
26.4641 26.4641
51.3404 51.3404
51.3404 51.3404
20.4656 20.4656
42.8719 42.8719
29.1106 29.1106
39.5198 39.5198
12.4911 12.4911
10.6386 10.6386
30.1691 30.1691
14.4671 14.4671
21.3477 21.3477
80.9803 80.9803
148.728 148.728
17.5016 17.5016
26.817 26.817
89.2724 89.2724
12.9321 12.9321
17.9956 17.9956
26.817 26.817
19.5835 19.5835
18.3485 18.3485
12.4205 12.4205
17.2546 17.2546
22.4063 22.4063
25.9349 25.9349
10.1446 10.1446
27.6991 27.6991
20.642 20.642
29.287 29.287
68.8068 68.8068
33.8741 33.8741
67.9246 67.9246
34.7562 34.7562
19.5835 19.5835
20.2892 20.2892
13.1262 13.1262
74.276 74.276
118.912 118.912
24.1706 24.1706
78.6867 78.6867
18.3485 18.3485
35.2855 35.2855
27.8756 27.8756
25.2292 25.2292
22.2299 22.2299
15.1375 15.1375
22.0535 22.0535
110.267 110.267
128.969 128.969
30.8748 30.8748
113.972 113.972
113.972 113.972
130.027 130.027
130.027 130.027
44.1069 44.1069
68.1011 68.1011
53.1047 53.1047
19.2306 19.2306
20.9949 20.9949
101.622 101.622
81.8624 81.8624
22.4063 22.4063
35.9912 35.9912
24.347 24.347
32.4627 32.4627
17.0606 17.0606
49.2233 49.2233
22.7592 22.7592
14.6611 14.6611
83.9796 83.9796
23.9942 23.9942
32.1098 32.1098
16.6018 16.6018
34.4034 34.4034
13.779 13.779
18.5249 18.5249
13.6731 13.6731
28.4048 28.4048
20.1127 20.1127
29.6398 29.6398
12.4029 12.4029
35.462 35.462
12.791 12.791
52.2226 52.2226
52.2226 52.2226
46.9297 46.9297
59.2797 59.2797
33.3448 33.3448
33.3448 33.3448
57.1626 57.1626
22.4063 22.4063
28.7577 28.7577
12.297 12.297
38.8141 38.8141
40.7548 40.7548
20.4656 20.4656
46.224 46.224
46.224 46.224
38.6377 38.6377
34.7562 34.7562
34.7562 34.7562
12.1382 12.1382
25.0527 25.0527
24.347 24.347
19.5835 19.5835
23.112 23.112
28.5813 28.5813
79.5689 79.5689
30.8748 30.8748
17.9956 17.9956
54.6926 54.6926
20.1127 20.1127
14.7141 14.7141
47.9883 47.9883
54.6926 54.6926
28.052 28.052
11.7677 11.7677
38.8141 38.8141
24.347 24.347
27.6991 27.6991
15.7373 15.7373
30.522 30.522
16.249 16.249
25.9349 25.9349
93.8595 93.8595
24.8763 24.8763
33.5212 33.5212
16.6018 16.6018
13.532 13.532
68.2775 68.2775
123.676 123.676
94.3888 94.3888
94.3888 94.3888
94.3888 94.3888
32.8155 32.8155
91.2131 91.2131
22.9356 22.9356
22.9356 22.9356
39.1669 39.1669
33.1684 33.1684
35.6384 35.6384
13.0027 13.0027
78.3339 78.3339
15.2081 15.2081
103.916 103.916
71.806 71.806
71.806 71.806
41.2841 41.2841
56.6333 56.6333
14.9611 14.9611
38.6377 38.6377
38.1084 38.1084
10.4445 10.4445
23.2884 23.2884
48.3412 48.3412
48.3412 48.3412
36.6969 36.6969
16.0549 16.0549
21.7006 21.7006
15.9667 15.9667
32.2863 32.2863
22.0535 22.0535
12.5616 12.5616
19.407 19.407
32.2863 32.2863
12.2794 12.2794
11.3972 11.3972
26.2877 26.2877
23.2884 23.2884
16.3901 16.3901
14.2554 14.2554
17.6428 17.6428
11.5207 11.5207
13.4791 13.4791
20.2892 20.2892
20.1127 20.1127
49.7526 49.7526
12.4734 12.4734
17.9956 17.9956
20.642 20.642
33.6977 33.6977
11.0973 11.0973
14.5729 14.5729
30.6984 30.6984
49.2233 49.2233
18.3485 18.3485
108.15 108.15
32.4627 32.4627
31.5805 31.5805
14.5729 14.5729
38.1084 38.1084
27.3463 27.3463
17.6251 17.6251
17.1311 17.1311
31.0513 31.0513
31.5805 31.5805
15.8432 15.8432
87.6845 87.6845
87.6845 87.6845
23.8177 23.8177
10.2152 10.2152
12.8086 12.8086
18.8778 18.8778
35.8148 35.8148
35.8148 35.8148
26.9934 26.9934
50.8112 50.8112
16.99 16.99
20.1127 20.1127
58.7504 58.7504
31.9334 31.9334
13.779 13.779
12.8439 12.8439
25.582 25.582
58.2211 58.2211
93.6831 93.6831
67.3954 67.3954
16.7077 16.7077
42.6955 42.6955
109.032 109.032
109.032 109.032
109.032 109.032
70.2182 70.2182
70.2182 70.2182
15.755 15.755
64.7489 64.7489
40.7548 40.7548
39.1669 39.1669
23.8177 23.8177
43.7541 43.7541
45.1655 45.1655
45.1655 45.1655
23.2884 23.2884
27.8756 27.8756
46.5769 46.5769
10.7621 10.7621
15.7373 15.7373
29.1106 29.1106
40.0491 40.0491
59.4561 59.4561
93.3302 93.3302
68.8068 68.8068
21.1713 21.1713
29.4634 29.4634
23.6413 23.6413
40.5784 40.5784
42.8719 42.8719
89.9781 89.9781
34.9327 34.9327
23.8177 23.8177
30.1691 30.1691
26.817 26.817
10.5151 10.5151
18.7013 18.7013
12.7381 12.7381
10.3739 10.3739
14.3083 14.3083
16.0726 16.0726
18.172 18.172
63.5139 63.5139
38.2848 38.2848
38.2848 38.2848
34.7562 34.7562
34.0505 34.0505
11.309 11.309
16.9547 16.9547
41.4605 41.4605
19.9363 19.9363
22.5827 22.5827
31.757 31.757
50.1054 50.1054
82.0388 82.0388
21.877 21.877
18.5249 18.5249
65.2782 65.2782
126.675 126.675
49.7526 49.7526
11.1855 11.1855
18.172 18.172
78.6867 78.6867
11.4678 11.4678
12.6322 12.6322
40.2255 40.2255
13.1262 13.1262
37.9319 37.9319
13.038 13.038
13.9907 13.9907
19.2306 19.2306
13.3732 13.3732
29.4634 29.4634
21.5242 21.5242
22.2299 22.2299
11.7501 11.7501
51.6933 51.6933
40.2255 40.2255
38.8141 38.8141
13.4967 13.4967
33.5212 33.5212
11.5737 11.5737
24.1706 24.1706
23.8177 23.8177
39.8726 39.8726
10.6915 10.6915
54.6926 54.6926
22.9356 22.9356
45.6948 45.6948
36.8734 36.8734
52.399 52.399
28.5813 28.5813
14.5553 14.5553
20.642 20.642
14.0789 14.0789
91.2131 91.2131
68.9832 68.9832
46.5769 46.5769
46.5769 46.5769
13.8496 13.8496
120.5 120.5
66.3368 66.3368
29.9927 29.9927
51.164 51.164
51.164 51.164
10.5327 10.5327
30.1691 30.1691
30.1691 30.1691
12.9321 12.9321
45.8712 45.8712
10.3739 10.3739
80.2746 80.2746
80.2746 80.2746
62.1025 62.1025
25.7584 25.7584
16.8665 16.8665
19.9363 19.9363
10.1269 10.1269
12.8086 12.8086
19.5835 19.5835
28.2284 28.2284
14.9963 14.9963
27.3463 27.3463
13.4791 13.4791
31.4041 31.4041
20.1127 20.1127
17.0958 17.0958
48.694 48.694
34.4034 34.4034
24.5234 24.5234
37.9319 37.9319
20.9949 20.9949
37.9319 37.9319
77.8046 77.8046
14.9434 14.9434
12.8969 12.8969
24.8763 24.8763
115.737 115.737
73.9232 73.9232
26.4641 26.4641
32.1098 32.1098
13.779 13.779
27.8756 27.8756
19.0542 19.0542
18.7013 18.7013
33.1684 33.1684
12.6499 12.6499
20.8185 20.8185
94.9181 94.9181
17.9956 17.9956
12.9498 12.9498
31.0513 31.0513
88.3902 88.3902
29.1106 29.1106
23.4649 23.4649
41.8133 41.8133
41.8133 41.8133
22.5827 22.5827
49.0469 49.0469
44.6362 44.6362
22.7592 22.7592
17.5722 17.5722
75.1582 75.1582
25.9349 25.9349
61.9261 61.9261
14.4141 14.4141
68.1011 68.1011
12.9145 12.9145
14.767 14.767
20.9949 20.9949
21.877 21.877
15.2257 15.2257
24.8763 24.8763
14.767 14.767
53.4576 53.4576
112.737 112.737
92.8009 92.8009
42.3426 42.3426
43.5776 43.5776
76.746 76.746
32.1098 32.1098
30.6984 30.6984
52.9283 52.9283
37.7555 37.7555
37.7555 37.7555
202.892 202.892
202.892 202.892
22.9356 22.9356
28.9341 28.9341
55.7511 55.7511
19.0542 19.0542
12.5264 12.5264
10.2681 10.2681
18.3485 18.3485
12.3499 12.3499
52.9283 52.9283
11.0091 11.0091
92.8009 92.8009
25.582 25.582
11.6795 11.6795
24.347 24.347
19.0542 19.0542
27.6991 27.6991
10.1446 10.1446
22.2299 22.2299
20.4656 20.4656
22.9356 22.9356
11.3972 11.3972
27.1699 27.1699
21.5242 21.5242
56.8097 56.8097
32.6391 32.6391
19.9363 19.9363
25.9349 25.9349
25.9349 25.9349
21.877 21.877
22.0535 22.0535
16.5313 16.5313
19.0542 19.0542
36.1677 36.1677
36.1677 36.1677
12.7557 12.7557
80.451 80.451
22.7592 22.7592
17.8192 17.8192
97.0352 97.0352
43.0483 43.0483
29.1106 29.1106
16.9371 16.9371
41.4605 41.4605
10.9914 10.9914
21.3477 21.3477
30.6984 30.6984
44.4598 44.4598
44.4598 44.4598
14.6435 14.6435
18.3485 18.3485
16.8841 16.8841
22.7592 22.7592
10.9209 10.9209
29.4634 29.4634
41.4605 41.4605
148.552 148.552
148.552 148.552
23.9942 23.9942
33.3448 33.3448
32.1098 32.1098
11.0091 11.0091
50.2819 50.2819
17.6075 17.6075
77.4517 77.4517
12.05 12.05
47.2826 47.2826
44.6362 44.6362
32.2863 32.2863
12.1206 12.1206
64.0432 64.0432
71.1003 71.1003
79.216 79.216
79.216 79.216
65.2782 65.2782
45.3419 45.3419
37.0498 37.0498
73.041 73.041
63.5139 63.5139
63.5139 63.5139
10.9914 10.9914
15.9843 15.9843
43.5776 43.5776
48.8705 48.8705
15.6491 15.6491
101.093 101.093
57.1626 57.1626
18.7013 18.7013
31.2277 31.2277
63.1611 63.1611
63.1611 63.1611
58.3975 58.3975
13.8319 13.8319
19.407 19.407
16.8841 16.8841
11.8383 11.8383
26.817 26.817
14.7317 14.7317
67.9246 67.9246
21.1713 21.1713
11.0797 11.0797
15.0846 15.0846
18.7013 18.7013
27.5227 27.5227
17.8192 17.8192
17.8192 17.8192
19.2306 19.2306
19.2306 19.2306
19.0542 19.0542
56.9861 56.9861
33.3448 33.3448
29.1106 29.1106
25.2292 25.2292
15.0316 15.0316
25.2292 25.2292
25.2292 25.2292
31.9334 31.9334
31.9334 31.9334
32.1098 32.1098
27.8756 27.8756
15.3845 15.3845
12.0324 12.0324
21.3477 21.3477
13.1615 13.1615
12.297 12.297
16.9723 16.9723
75.511 75.511
33.1684 33.1684
57.8683 57.8683
33.3448 33.3448
33.3448 33.3448
55.5747 55.5747
72.6882 72.6882
20.1127 20.1127
27.1699 27.1699
26.2877 26.2877
17.1841 17.1841
10.2328 10.2328
60.1618 60.1618
26.9934 26.9934
25.7584 25.7584
62.9847 62.9847
35.6384 35.6384
18.7013 18.7013
25.7584 25.7584
15.014 15.014
13.0733 13.0733
11.9794 11.9794
11.9794 11.9794
34.4034 34.4034
23.2884 23.2884
68.2775 68.2775
23.112 23.112
50.6347 50.6347
57.8683 57.8683
26.1113 26.1113
31.2277 31.2277
27.1699 27.1699
10.2681 10.2681
49.2233 49.2233
29.287 29.287
47.6355 47.6355
29.4634 29.4634
23.9942 23.9942
45.5183 45.5183
11.9089 11.9089
21.3477 21.3477
40.5784 40.5784
21.1713 21.1713
49.929 49.929
20.8185 20.8185
51.3404 51.3404
51.3404 51.3404
108.503 108.503
14.4494 14.4494
42.1662 42.1662
12.0676 12.0676
42.8719 42.8719
14.8728 14.8728
29.287 29.287
11.8383 11.8383
63.8668 63.8668
12.4911 12.4911
26.4641 26.4641
47.6355 47.6355
11.803 11.803
17.4663 17.4663
55.2218 55.2218
55.2218 55.2218
11.0797 11.0797
26.6406 26.6406
16.5489 16.5489
14.2906 14.2906
55.2218 55.2218
31.5805 31.5805
10.0917 10.0917
23.4649 23.4649
16.3019 16.3019
34.7562 34.7562
42.6955 42.6955
23.112 23.112
53.1047 53.1047
52.7519 52.7519
54.869 54.869
19.7599 19.7599
11.0973 11.0973
10.0917 10.0917
13.6555 13.6555
13.3379 13.3379
31.4041 31.4041
12.544 12.544
146.788 146.788
146.788 146.788
26.1113 26.1113
32.6391 32.6391
15.8961 15.8961
34.9327 34.9327
36.6969 36.6969
19.0542 19.0542
61.5732 61.5732
61.5732 61.5732
39.1669 39.1669
11.6089 11.6089
18.7013 18.7013
21.877 21.877
24.347 24.347
29.9927 29.9927
68.6303 68.6303
27.1699 27.1699
50.4583 50.4583
24.8763 24.8763
16.5136 16.5136
56.6333 56.6333
21.3477 21.3477
20.4656 20.4656
33.6977 33.6977
20.4656 20.4656
11.0267 11.0267
16.3901 16.3901
25.9349 25.9349
79.7453 79.7453
12.9321 12.9321
95.6238 95.6238
95.6238 95.6238
95.6238 95.6238
95.6238 95.6238
17.1488 17.1488
30.3456 30.3456
15.1551 15.1551
19.0542 19.0542
16.3372 16.3372
10.1975 10.1975
13.1262 13.1262
22.0535 22.0535
35.8148 35.8148
35.8148 35.8148
27.8756 27.8756
48.8705 48.8705
36.5205 36.5205
37.7555 37.7555
33.5212 33.5212
14.9787 14.9787
28.052 28.052
31.0513 31.0513
14.1495 14.1495
16.7783 16.7783
41.2841 41.2841
25.4056 25.4056
44.4598 44.4598
117.148 117.148
15.9667 15.9667
14.8199 14.8199
85.9203 85.9203
85.9203 85.9203
33.6977 33.6977
28.9341 28.9341
15.1198 15.1198
27.3463 27.3463
10.3563 10.3563
27.3463 27.3463
34.0505 34.0505
28.4048 28.4048
31.9334 31.9334
12.0853 12.0853
75.511 75.511
22.4063 22.4063
15.8608 15.8608
23.4649 23.4649
21.1713 21.1713
13.8143 13.8143
12.1029 12.1029
20.4656 20.4656
37.7555 37.7555
125.264 125.264
125.264 125.264
125.264 125.264
92.9774 92.9774
92.9774 92.9774
27.3463 27.3463
70.0418 70.0418
29.6398 29.6398
48.694 48.694
13.3203 13.3203
19.0542 19.0542
15.0669 15.0669
14.8728 14.8728
31.9334 31.9334
17.1311 17.1311
19.5835 19.5835
17.3605 17.3605
21.5242 21.5242
43.0483 43.0483
12.3323 12.3323
26.6406 26.6406
15.2786 15.2786
23.112 23.112
25.0527 25.0527
43.2248 43.2248
19.407 19.407
41.9898 41.9898
28.2284 28.2284
15.1551 15.1551
42.1662 42.1662
30.8748 30.8748
151.198 151.198
151.198 151.198
151.198 151.198
10.8327 10.8327
65.6311 65.6311
23.8177 23.8177
14.273 14.273
18.5249 18.5249
30.522 30.522
31.5805 31.5805
13.4967 13.4967
10.2857 10.2857
33.1684 33.1684
206.42 206.42
29.9927 29.9927
22.4063 22.4063
18.172 18.172
51.3404 51.3404
116.795 116.795
20.4656 20.4656
28.2284 28.2284
13.7084 13.7084
65.1018 65.1018
22.7592 22.7592
41.4605 41.4605
24.6999 24.6999
32.1098 32.1098
21.1713 21.1713
23.6413 23.6413
12.3323 12.3323
15.0316 15.0316
12.8969 12.8969
31.5805 31.5805
143.965 143.965
15.0846 15.0846
16.9018 16.9018
10.3387 10.3387
14.2906 14.2906
13.3732 13.3732
14.1142 14.1142
35.8148 35.8148
25.7584 25.7584
19.9363 19.9363
114.678 114.678
114.678 114.678
114.678 114.678
103.21 103.21
24.347 24.347
17.8192 17.8192
22.5827 22.5827
26.4641 26.4641
28.7577 28.7577
28.7577 28.7577
27.8756 27.8756
12.8969 12.8969
19.0542 19.0542
15.0316 15.0316
17.0782 17.0782
26.817 26.817
10.2504 10.2504
28.052 28.052
28.4048 28.4048
16.9018 16.9018
20.642 20.642
34.4034 34.4034
19.407 19.407
18.5249 18.5249
16.2666 16.2666
78.6867 78.6867
42.3426 42.3426
42.3426 42.3426
11.8207 11.8207
38.4612 38.4612
77.2753 77.2753
12.4911 12.4911
21.877 21.877
18.172 18.172
27.3463 27.3463
13.2674 13.2674
21.1713 21.1713
14.5376 14.5376
27.5227 27.5227
73.7467 73.7467
14.1848 14.1848
15.9314 15.9314
11.4854 11.4854
29.287 29.287
40.0491 40.0491
13.2497 13.2497
87.861 87.861
162.666 162.666
25.7584 25.7584
22.9356 22.9356
83.4503 83.4503
52.399 52.399
52.399 52.399
45.6948 45.6948
23.2884 23.2884
15.6491 15.6491
20.1127 20.1127
42.8719 42.8719
97.9173 97.9173
15.8961 15.8961
39.6962 39.6962
10.1799 10.1799
38.2848 38.2848
43.9305 43.9305
11.8912 11.8912
16.9018 16.9018
31.757 31.757
12.8263 12.8263
43.4012 43.4012
22.7592 22.7592
42.1662 42.1662
47.9883 47.9883
25.7584 25.7584
19.0542 19.0542
12.5087 12.5087
10.3916 10.3916
44.6362 44.6362
28.4048 28.4048
16.1784 16.1784
17.0429 17.0429
14.6435 14.6435
14.6788 14.6788
11.2384 11.2384
11.2384 11.2384
31.5805 31.5805
12.297 12.297
12.2794 12.2794
21.1713 21.1713
13.8319 13.8319
46.4005 46.4005
69.6889 69.6889
69.6889 69.6889
37.0498 37.0498
25.9349 25.9349
46.4005 46.4005
17.9956 17.9956
74.4525 74.4525
74.4525 74.4525
23.4649 23.4649
43.5776 43.5776
40.5784 40.5784
46.5769 46.5769
19.5835 19.5835
34.5798 34.5798
36.5205 36.5205
132.674 132.674
132.674 132.674
19.5835 19.5835
20.8185 20.8185
15.1375 15.1375
42.8719 42.8719
15.0669 15.0669
83.8031 83.8031
16.5136 16.5136
26.4641 26.4641
34.5798 34.5798
34.5798 34.5798
18.5249 18.5249
12.3323 12.3323
12.297 12.297
13.0204 13.0204
20.1127 20.1127
17.4663 17.4663
28.052 28.052
43.2248 43.2248
18.8778 18.8778
31.0513 31.0513
55.7511 55.7511
18.7013 18.7013
58.3975 58.3975
24.347 24.347
10.1975 10.1975
12.7204 12.7204
61.3968 61.3968
61.3968 61.3968
16.4431 16.4431
11.8912 11.8912
31.5805 31.5805
11.7501 11.7501
31.4041 31.4041
50.6347 50.6347
12.791 12.791
50.4583 50.4583
20.2892 20.2892
19.7599 19.7599
23.8177 23.8177
21.3477 21.3477
25.7584 25.7584
85.2145 85.2145
85.2145 85.2145
51.3404 51.3404
18.172 18.172
24.8763 24.8763
18.7013 18.7013
23.6413 23.6413
31.5805 31.5805
36.1677 36.1677
16.6901 16.6901
47.2826 47.2826
62.4554 62.4554
62.4554 62.4554
20.1127 20.1127
32.2863 32.2863
45.8712 45.8712
45.8712 45.8712
29.9927 29.9927
58.574 58.574
56.104 56.104
10.815 10.815
14.7493 14.7493
53.9869 53.9869
53.9869 53.9869
12.4911 12.4911
11.5913 11.5913
13.9731 13.9731
36.8734 36.8734
80.2746 80.2746
25.4056 25.4056
25.0527 25.0527
24.8763 24.8763
29.8163 29.8163
12.6851 12.6851
73.9232 73.9232
20.8185 20.8185
23.6413 23.6413
25.2292 25.2292
29.8163 29.8163
22.2299 22.2299
13.5496 13.5496
20.1127 20.1127
86.626 86.626
48.5176 48.5176
39.1669 39.1669
26.817 26.817
26.817 26.817
27.1699 27.1699
13.3203 13.3203
16.6195 16.6195
46.5769 46.5769
21.877 21.877
20.4656 20.4656
34.7562 34.7562
93.8595 93.8595
75.3346 75.3346
74.4525 74.4525
56.4568 56.4568
12.6851 12.6851
25.7584 25.7584
29.6398 29.6398
33.1684 33.1684
38.1084 38.1084
129.851 129.851
129.851 129.851
129.851 129.851
14.9258 14.9258
18.5249 18.5249
14.8023 14.8023
22.2299 22.2299
54.1633 54.1633
72.6882 72.6882
61.044 61.044
14.6435 14.6435
35.462 35.462
12.3676 12.3676
43.5776 43.5776
10.074 10.074
21.5242 21.5242
24.1706 24.1706
15.6668 15.6668
43.0483 43.0483
87.861 87.861
68.4539 68.4539
50.8112 50.8112
30.3456 30.3456
29.1106 29.1106
29.1106 29.1106
29.1106 29.1106
51.5169 51.5169
37.2262 37.2262
163.019 163.019
25.7584 25.7584
16.2666 16.2666
25.4056 25.4056
19.407 19.407
35.6384 35.6384
38.9905 38.9905
73.2175 73.2175
26.1113 26.1113
13.5849 13.5849
15.4198 15.4198
16.0373 16.0373
14.4141 14.4141
15.4727 15.4727
20.8185 20.8185
13.1968 13.1968
13.7437 13.7437
27.8756 27.8756
18.172 18.172
17.0606 17.0606
53.1047 53.1047
53.1047 53.1047
54.5161 54.5161
25.582 25.582
95.0945 95.0945
69.3361 69.3361
173.252 173.252
173.252 173.252
14.8552 14.8552
23.4649 23.4649
119.618 119.618
26.817 26.817
60.1618 60.1618
17.8192 17.8192
17.6251 17.6251
34.4034 34.4034
15.7726 15.7726
32.4627 32.4627
50.1054 50.1054
32.4627 32.4627
118.03 118.03
56.4568 56.4568
40.9312 40.9312
55.9276 55.9276
35.8148 35.8148
27.6991 27.6991
17.9956 17.9956
24.347 24.347
38.2848 38.2848
20.2892 20.2892
14.6964 14.6964
60.8675 60.8675
22.0535 22.0535
34.7562 34.7562
38.8141 38.8141
37.5791 37.5791
21.1713 21.1713
62.6318 62.6318
62.6318 62.6318
26.6406 26.6406
42.1662 42.1662
48.1647 48.1647
69.3361 69.3361
45.5183 45.5183
19.5835 19.5835
23.6413 23.6413
20.4656 20.4656
24.5234 24.5234
35.2855 35.2855
23.9942 23.9942
55.2218 55.2218
97.3881 97.3881
21.5242 21.5242
56.104 56.104
18.3485 18.3485
11.0797 11.0797
26.4641 26.4641
20.2892 20.2892
15.3139 15.3139
32.992 32.992
22.0535 22.0535
18.5249 18.5249
61.3968 61.3968
30.8748 30.8748
103.387 103.387
38.1084 38.1084
32.992 32.992
15.1728 15.1728
16.2137 16.2137
56.6333 56.6333
41.6369 41.6369
16.7253 16.7253
13.6555 13.6555
12.2794 12.2794
27.1699 27.1699
60.6911 60.6911
27.1699 27.1699
22.9356 22.9356
19.5835 19.5835
31.5805 31.5805
15.4374 15.4374
14.9611 14.9611
35.6384 35.6384
18.3485 18.3485
26.6406 26.6406
15.3845 15.3845
12.8263 12.8263
71.1003 71.1003
10.7974 10.7974
36.3441 36.3441
19.5835 19.5835
53.9869 53.9869
53.9869 53.9869
25.2292 25.2292
29.9927 29.9927
18.172 18.172
20.642 20.642
38.8141 38.8141
76.9224 76.9224
41.8133 41.8133
27.6991 27.6991
10.3739 10.3739
40.0491 40.0491
32.6391 32.6391
11.6266 11.6266
14.4141 14.4141
31.757 31.757
20.642 20.642
11.9265 11.9265
47.6355 47.6355
29.287 29.287
77.6282 77.6282
14.6259 14.6259
11.3267 11.3267
24.6999 24.6999
14.6611 14.6611
36.1677 36.1677
16.2313 16.2313
122.088 122.088
122.088 122.088
32.8155 32.8155
55.7511 55.7511
21.3477 21.3477
12.3323 12.3323
58.2211 58.2211
45.5183 45.5183
45.5183 45.5183
22.0535 22.0535
15.4727 15.4727
85.391 85.391
13.6202 13.6202
29.4634 29.4634
14.8023 14.8023
10.815 10.815
55.0454 55.0454
44.4598 44.4598
44.4598 44.4598
23.8177 23.8177
14.52 14.52
15.755 15.755
115.56 115.56
10.2504 10.2504
24.8763 24.8763
16.4783 16.4783
29.6398 29.6398
19.9363 19.9363
44.989 44.989
17.6251 17.6251
35.6384 35.6384
29.9927 29.9927
99.1523 99.1523
44.2833 44.2833
63.5139 63.5139
63.5139 63.5139
45.3419 45.3419
44.2833 44.2833
33.8741 33.8741
14.3789 14.3789
43.9305 43.9305
43.9305 43.9305
43.9305 43.9305
32.6391 32.6391
11.0797 11.0797
28.5813 28.5813
16.6548 16.6548
58.7504 58.7504
70.5711 70.5711
20.8185 20.8185
93.5066 93.5066
18.8778 18.8778
46.0476 46.0476
77.981 77.981
26.4641 26.4641
26.4641 26.4641
64.3961 64.3961
74.0996 74.0996
74.0996 74.0996
75.1582 75.1582
75.1582 75.1582
93.5066 93.5066
13.9907 13.9907
17.8192 17.8192
84.8617 84.8617
47.459 47.459
30.522 30.522
40.4019 40.4019
17.6075 17.6075
60.3382 60.3382
16.7253 16.7253
43.4012 43.4012
30.3456 30.3456
22.4063 22.4063
35.6384 35.6384
20.4656 20.4656
11.5737 11.5737
22.0535 22.0535
19.5835 19.5835
21.1713 21.1713
23.4649 23.4649
43.2248 43.2248
20.1127 20.1127
20.1127 20.1127
115.384 115.384
24.5234 24.5234
29.8163 29.8163
29.8163 29.8163
60.5147 60.5147
16.743 16.743
10.3563 10.3563
14.3612 14.3612
10.7092 10.7092
19.407 19.407
24.6999 24.6999
29.1106 29.1106
18.5249 18.5249
17.5898 17.5898
36.3441 36.3441
20.9949 20.9949
11.4502 11.4502
29.4634 29.4634
18.5249 18.5249
25.9349 25.9349
71.806 71.806
35.8148 35.8148
49.5762 49.5762
10.2152 10.2152
20.2892 20.2892
34.7562 34.7562
34.227 34.227
11.2561 11.2561
10.1975 10.1975
16.9018 16.9018
16.9018 16.9018
13.3203 13.3203
34.0505 34.0505
76.2167 76.2167
35.2855 35.2855
11.0973 11.0973
10.3034 10.3034
29.8163 29.8163
19.7599 19.7599
22.7592 22.7592
15.9138 15.9138
14.6435 14.6435
24.347 24.347
25.0527 25.0527
35.462 35.462
29.8163 29.8163
71.806 71.806
56.8097 56.8097
50.2819 50.2819
20.2892 20.2892
18.3485 18.3485
23.4649 23.4649
49.7526 49.7526
11.9618 11.9618
27.6991 27.6991
27.6991 27.6991
10.1799 10.1799
34.0505 34.0505
23.4649 23.4649
17.9956 17.9956
23.8177 23.8177
14.1495 14.1495
10.6562 10.6562
26.2877 26.2877
10.3387 10.3387
25.9349 25.9349
26.6406 26.6406
29.9927 29.9927
11.9089 11.9089
33.1684 33.1684
31.5805 31.5805
10.9209 10.9209
10.321 10.321
17.5193 17.5193
16.1608 16.1608
24.6999 24.6999
23.9942 23.9942
17.3605 17.3605
12.5616 12.5616
25.0527 25.0527
12.6851 12.6851
19.9363 19.9363
151.022 151.022
31.757 31.757
112.384 112.384
13.3909 13.3909
90.6838 90.6838
28.5813 28.5813
19.2306 19.2306
60.5147 60.5147
18.7013 18.7013
20.9949 20.9949
22.4063 22.4063
19.407 19.407
37.4027 37.4027
16.4607 16.4607
41.2841 41.2841
10.7621 10.7621
74.9817 74.9817
10.4269 10.4269
46.0476 46.0476
15.9314 15.9314
22.5827 22.5827
29.1106 29.1106
16.3725 16.3725
57.339 57.339
28.7577 28.7577
31.5805 31.5805
25.2292 25.2292
50.8112 50.8112
44.1069 44.1069
28.052 28.052
23.112 23.112
45.1655 45.1655
35.1091 35.1091
61.5732 61.5732
61.5732 61.5732
29.287 29.287
25.582 25.582
27.1699 27.1699
31.2277 31.2277
20.4656 20.4656
14.5729 14.5729
23.6413 23.6413
79.9217 79.9217
30.1691 30.1691
24.6999 24.6999
11.0973 11.0973
37.4027 37.4027
34.0505 34.0505
27.3463 27.3463
19.7599 19.7599
44.6362 44.6362
17.4134 17.4134
61.5732 61.5732
56.8097 56.8097
34.227 34.227
34.227 34.227
34.227 34.227
30.522 30.522
20.642 20.642
27.8756 27.8756
29.9927 29.9927
36.6969 36.6969
43.2248 43.2248
32.6391 32.6391
19.7599 19.7599
12.7734 12.7734
89.6252 89.6252
89.6252 89.6252
24.347 24.347
24.347 24.347
115.913 115.913
63.6904 63.6904
64.3961 64.3961
62.279 62.279
25.9349 25.9349
33.8741 33.8741
40.5784 40.5784
76.746 76.746
76.746 76.746
28.4048 28.4048
16.9547 16.9547
23.2884 23.2884
50.8112 50.8112
55.7511 55.7511
27.1699 27.1699
27.1699 27.1699
27.1699 27.1699
15.3845 15.3845
11.0973 11.0973
28.4048 28.4048
54.5161 54.5161
43.9305 43.9305
22.7592 22.7592
14.8376 14.8376
29.6398 29.6398
23.112 23.112
10.9914 10.9914
21.877 21.877
17.9956 17.9956
23.112 23.112
12.2617 12.2617
10.1446 10.1446
31.0513 31.0513
14.5729 14.5729
15.2433 15.2433
11.9618 11.9618
12.9321 12.9321
15.4551 15.4551
32.992 32.992
22.0535 22.0535
15.7726 15.7726
22.0535 22.0535
12.8969 12.8969
57.339 57.339
62.9847 62.9847
58.0447 58.0447
22.2299 22.2299
20.9949 20.9949
65.4547 65.4547
46.4005 46.4005
20.4656 20.4656
11.1502 11.1502
64.5725 64.5725
40.4019 40.4019
17.2546 17.2546
24.8763 24.8763
19.9363 19.9363
35.9912 35.9912
35.9912 35.9912
12.3676 12.3676
17.6428 17.6428
58.574 58.574
52.5754 52.5754
50.8112 50.8112
45.5183 45.5183
53.8104 53.8104
76.746 76.746
29.1106 29.1106
25.2292 25.2292
18.5249 18.5249
39.5198 39.5198
39.5198 39.5198
50.2819 50.2819
29.6398 29.6398
14.6082 14.6082
27.8756 27.8756
14.6964 14.6964
39.1669 39.1669
89.8017 89.8017
58.2211 58.2211
65.1018 65.1018
48.694 48.694
48.694 48.694
53.1047 53.1047
77.981 77.981
42.1662 42.1662
14.1848 14.1848
20.2892 20.2892
16.002 16.002
14.8728 14.8728
78.6867 78.6867
66.1604 66.1604
66.1604 66.1604
44.6362 44.6362
21.7006 21.7006
27.6991 27.6991
21.5242 21.5242
23.112 23.112
61.044 61.044
76.3932 76.3932
52.399 52.399
24.5234 24.5234
33.1684 33.1684
65.6311 65.6311
22.9356 22.9356
27.6991 27.6991
70.5711 70.5711
35.1091 35.1091
89.2724 89.2724
89.2724 89.2724
23.4649 23.4649
44.4598 44.4598
21.3477 21.3477
64.3961 64.3961
61.7497 61.7497
46.0476 46.0476
33.6977 33.6977
28.7577 28.7577
54.3397 54.3397
106.386 106.386
12.297 12.297
28.052 28.052
15.8432 15.8432
26.6406 26.6406
15.6315 15.6315
20.4656 20.4656
29.1106 29.1106
28.9341 28.9341
11.0091 11.0091
155.786 155.786
155.786 155.786
155.786 155.786
23.4649 23.4649
41.6369 41.6369
19.0542 19.0542
41.6369 41.6369
64.3961 64.3961
13.6202 13.6202
47.8119 47.8119
62.9847 62.9847
10.6739 10.6739
32.4627 32.4627
13.7084 13.7084
16.9018 16.9018
94.9181 94.9181
39.5198 39.5198
28.7577 28.7577
15.6668 15.6668
27.5227 27.5227
16.3196 16.3196
17.3076 17.3076
68.1011 68.1011
24.5234 24.5234
56.9861 56.9861
20.8185 20.8185
17.2017 17.2017
12.7734 12.7734
164.431 164.431
64.5725 64.5725
64.5725 64.5725
13.9025 13.9025
59.809 59.809
29.9927 29.9927
30.1691 30.1691
21.3477 21.3477
10.2152 10.2152
13.6379 13.6379
17.484 17.484
83.2738 83.2738
13.4791 13.4791
24.1706 24.1706
13.6202 13.6202
19.5835 19.5835
13.038 13.038
87.861 87.861
31.4041 31.4041
29.8163 29.8163
22.4063 22.4063
53.2811 53.2811
13.6731 13.6731
23.6413 23.6413
74.4525 74.4525
44.6362 44.6362
16.4431 16.4431
19.7599 19.7599
21.3477 21.3477
64.2197 64.2197
34.227 34.227
26.6406 26.6406
39.8726 39.8726
16.8136 16.8136
62.279 62.279
21.877 21.877
13.8496 13.8496
10.0387 10.0387
28.9341 28.9341
12.0147 12.0147
15.1728 15.1728
25.582 25.582
14.2906 14.2906
26.817 26.817
37.4027 37.4027
17.6251 17.6251
45.6948 45.6948
10.5857 10.5857
13.2144 13.2144
35.1091 35.1091
34.0505 34.0505
10.7621 10.7621
12.5616 12.5616
10.7092 10.7092
42.8719 42.8719
49.0469 49.0469
21.877 21.877
70.3946 70.3946
36.8734 36.8734
39.6962 39.6962
68.8068 68.8068
19.0542 19.0542
30.8748 30.8748
31.2277 31.2277
11.5913 11.5913
81.3331 81.3331
81.3331 81.3331
28.2284 28.2284
111.502 111.502
111.502 111.502
111.502 111.502
20.1127 20.1127
27.8756 27.8756
30.6984 30.6984
34.9327 34.9327
98.4466 98.4466
40.4019 40.4019
23.9942 23.9942
22.2299 22.2299
10.9385 10.9385
16.1784 16.1784
55.9276 55.9276
18.5249 18.5249
15.755 15.755
26.2877 26.2877
44.1069 44.1069
32.1098 32.1098
32.1098 32.1098
17.0958 17.0958
67.5718 67.5718
14.2024 14.2024
34.0505 34.0505
22.7592 22.7592
32.8155 32.8155
47.2826 47.2826
10.7621 10.7621
65.1018 65.1018
25.582 25.582
33.1684 33.1684
33.1684 33.1684
14.2377 14.2377
35.6384 35.6384
30.1691 30.1691
11.9089 11.9089
23.2884 23.2884
21.1713 21.1713
29.4634 29.4634
17.5545 17.5545
83.2738 83.2738
42.8719 42.8719
15.508 15.508
44.8126 44.8126
33.8741 33.8741
30.8748 30.8748
113.443 113.443
70.9239 70.9239
38.9905 38.9905
28.2284 28.2284
32.992 32.992
34.7562 34.7562
34.7562 34.7562
32.4627 32.4627
16.3372 16.3372
80.451 80.451
80.451 80.451
36.8734 36.8734
36.8734 36.8734
135.144 135.144
135.144 135.144
135.144 135.144
10.0211 10.0211
49.3997 49.3997
12.9498 12.9498
25.582 25.582
15.1022 15.1022
31.2277 31.2277
31.2277 31.2277
26.1113 26.1113
14.8728 14.8728
17.6075 17.6075
41.4605 41.4605
20.8185 20.8185
32.992 32.992
32.2863 32.2863
17.9956 17.9956
26.1113 26.1113
29.4634 29.4634
11.6266 11.6266
19.0542 19.0542
42.1662 42.1662
19.5835 19.5835
12.3499 12.3499
21.3477 21.3477
46.9297 46.9297
19.0542 19.0542
21.5242 21.5242
16.7606 16.7606
30.1691 30.1691
30.1691 30.1691
16.0549 16.0549
50.9876 50.9876
14.4671 14.4671
14.52 14.52
11.3796 11.3796
13.8849 13.8849
19.5835 19.5835
12.2794 12.2794
13.6731 13.6731
19.7599 19.7599
21.7006 21.7006
34.0505 34.0505
20.1127 20.1127
39.1669 39.1669
78.5103 78.5103
67.2189 67.2189
79.5689 79.5689
12.4205 12.4205
26.817 26.817
25.9349 25.9349
41.4605 41.4605
14.5024 14.5024
29.1106 29.1106
22.9356 22.9356
24.347 24.347
10.8503 10.8503
17.5193 17.5193
22.7592 22.7592
70.5711 70.5711
19.7599 19.7599
50.1054 50.1054
66.5132 66.5132
54.3397 54.3397
26.6406 26.6406
25.0527 25.0527
37.0498 37.0498
18.3485 18.3485
26.817 26.817
18.8778 18.8778
24.5234 24.5234
29.6398 29.6398
46.7533 46.7533
11.3267 11.3267
16.9547 16.9547
29.4634 29.4634
86.2731 86.2731
16.9723 16.9723
37.4027 37.4027
10.6033 10.6033
34.0505 34.0505
31.0513 31.0513
42.8719 42.8719
42.3426 42.3426
42.3426 42.3426
34.4034 34.4034
17.1488 17.1488
20.4656 20.4656
21.3477 21.3477
37.2262 37.2262
33.1684 33.1684
10.2504 10.2504
23.9942 23.9942
18.8778 18.8778
37.2262 37.2262
16.9723 16.9723
62.4554 62.4554
38.1084 38.1084
16.496 16.496
15.2963 15.2963
65.9839 65.9839
33.1684 33.1684
14.6435 14.6435
18.8778 18.8778
49.0469 49.0469
43.7541 43.7541
26.4641 26.4641
25.7584 25.7584
23.2884 23.2884
23.2884 23.2884
17.484 17.484
10.3739 10.3739
20.4656 20.4656
39.3434 39.3434
48.1647 48.1647
104.445 104.445
48.8705 48.8705
18.8778 18.8778
24.5234 24.5234
19.7599 19.7599
29.9927 29.9927
12.791 12.791
34.0505 34.0505
44.2833 44.2833
44.2833 44.2833
33.8741 33.8741
101.093 101.093
45.3419 45.3419
26.4641 26.4641
28.9341 28.9341
21.1713 21.1713
26.4641 26.4641
19.9363 19.9363
34.5798 34.5798
13.2144 13.2144
29.8163 29.8163
82.0388 82.0388
22.0535 22.0535
34.5798 34.5798
34.5798 34.5798
10.9914 10.9914
14.9434 14.9434
12.0676 12.0676
25.4056 25.4056
75.3346 75.3346
75.3346 75.3346
20.9949 20.9949
49.7526 49.7526
28.052 28.052
40.7548 40.7548
30.1691 30.1691
18.5249 18.5249
85.9203 85.9203
146.259 146.259
54.3397 54.3397
25.0527 25.0527
16.1255 16.1255
22.2299 22.2299
32.4627 32.4627
18.3485 18.3485
16.9194 16.9194
25.9349 25.9349
76.2167 76.2167
76.2167 76.2167
47.9883 47.9883
20.642 20.642
102.152 102.152
24.347 24.347
88.9195 88.9195
27.1699 27.1699
13.038 13.038
105.327 105.327
28.052 28.052
98.623 98.623
113.972 113.972
21.877 21.877
12.4205 12.4205
22.5827 22.5827
16.4783 16.4783
89.4488 89.4488
89.4488 89.4488
17.9956 17.9956
19.5835 19.5835
34.7562 34.7562
21.3477 21.3477
18.5249 18.5249
21.3477 21.3477
28.5813 28.5813
17.9956 17.9956
10.8503 10.8503
34.9327 34.9327
17.237 17.237
21.7006 21.7006
41.2841 41.2841
70.3946 70.3946
18.5249 18.5249
38.8141 38.8141
17.2899 17.2899
18.5249 18.5249
12.0676 12.0676
80.2746 80.2746
45.5183 45.5183
59.2797 59.2797
20.4656 20.4656
46.224 46.224
32.8155 32.8155
10.8679 10.8679
10.8856 10.8856
20.1127 20.1127
13.7261 13.7261
10.0387 10.0387
21.7006 21.7006
30.1691 30.1691
51.164 51.164
55.0454 55.0454
66.8661 66.8661
22.2299 22.2299
26.817 26.817
36.5205 36.5205
34.9327 34.9327
30.8748 30.8748
18.7013 18.7013
38.6377 38.6377
12.9674 12.9674
23.112 23.112
22.2299 22.2299
15.0493 15.0493
12.2264 12.2264
23.9942 23.9942
28.5813 28.5813
27.5227 27.5227
12.0676 12.0676
26.1113 26.1113
17.3958 17.3958
14.8728 14.8728
25.9349 25.9349
40.7548 40.7548
14.0966 14.0966
68.2775 68.2775
81.686 81.686
36.6969 36.6969
36.6969 36.6969
13.4261 13.4261
43.4012 43.4012
35.1091 35.1091
19.5835 19.5835
12.4381 12.4381
20.1127 20.1127
22.2299 22.2299
100.387 100.387
46.0476 46.0476
53.2811 53.2811
24.8763 24.8763
62.1025 62.1025
28.052 28.052
41.6369 41.6369
75.1582 75.1582
44.6362 44.6362
21.1713 21.1713
29.1106 29.1106
16.9723 16.9723
57.339 57.339
17.8192 17.8192
52.9283 52.9283
47.2826 47.2826
67.7482 67.7482
16.1255 16.1255
53.9869 53.9869
16.496 16.496
13.4438 13.4438
64.2197 64.2197
68.4539 68.4539
46.0476 46.0476
23.8177 23.8177
25.9349 25.9349
23.112 23.112
75.8639 75.8639
75.8639 75.8639
16.6901 16.6901
24.5234 24.5234
106.386 106.386
10.7621 10.7621
116.089 116.089
13.532 13.532
21.7006 21.7006
49.7526 49.7526
17.431 17.431
190.542 190.542
190.542 190.542
190.542 190.542
129.674 129.674
129.674 129.674
147.493 147.493
37.0498 37.0498
12.9321 12.9321
13.0556 13.0556
37.5791 37.5791
27.3463 27.3463
74.6289 74.6289
42.6955 42.6955
13.4085 13.4085
17.2899 17.2899
36.8734 36.8734
60.3382 60.3382
11.9442 11.9442
39.3434 39.3434
24.8763 24.8763
37.9319 37.9319
68.4539 68.4539
98.2702 98.2702
23.9942 23.9942
23.8177 23.8177
18.172 18.172
14.0436 14.0436
13.8496 13.8496
31.5805 31.5805
14.3965 14.3965
12.8263 12.8263
18.8778 18.8778
21.5242 21.5242
29.1106 29.1106
30.522 30.522
15.6138 15.6138
22.0535 22.0535
10.6562 10.6562
23.112 23.112
93.3302 93.3302
22.9356 22.9356
22.0535 22.0535
11.4325 11.4325
16.5666 16.5666
80.0981 80.0981
30.6984 30.6984
102.681 102.681
99.1523 99.1523
42.3426 42.3426
35.8148 35.8148
15.8608 15.8608
26.817 26.817
19.2306 19.2306
52.2226 52.2226
13.3909 13.3909
13.2497 13.2497
49.7526 49.7526
19.407 19.407
23.8177 23.8177
47.6355 47.6355
47.6355 47.6355
47.2826 47.2826
86.8024 86.8024
48.3412 48.3412
22.5827 22.5827
15.3845 15.3845
22.7592 22.7592
92.4481 92.4481
22.0535 22.0535
12.6146 12.6146
18.5249 18.5249
47.6355 47.6355
47.6355 47.6355
16.4607 16.4607
17.9956 17.9956
21.7006 21.7006
29.287 29.287
10.815 10.815
12.5616 12.5616
20.642 20.642
26.6406 26.6406
13.6908 13.6908
42.3426 42.3426
53.8104 53.8104
40.4019 40.4019
29.1106 29.1106
43.2248 43.2248
43.2248 43.2248
31.757 31.757
36.1677 36.1677
41.2841 41.2841
38.1084 38.1084
36.5205 36.5205
14.8728 14.8728
34.0505 34.0505
11.2032 11.2032
38.6377 38.6377
18.5249 18.5249
20.9949 20.9949
14.0436 14.0436
32.992 32.992
12.544 12.544
16.9547 16.9547
38.2848 38.2848
10.1269 10.1269
11.7854 11.7854
33.6977 33.6977
50.1054 50.1054
50.1054 50.1054
87.6845 87.6845
87.6845 87.6845
87.6845 87.6845
36.1677 36.1677
13.8496 13.8496
12.791 12.791
24.8763 24.8763
26.817 26.817
20.4656 20.4656
26.2877 26.2877
18.8778 18.8778
17.9956 17.9956
25.0527 25.0527
14.9611 14.9611
20.642 20.642
22.9356 22.9356
18.5249 18.5249
17.5722 17.5722
39.8726 39.8726
39.8726 39.8726
26.2877 26.2877
35.462 35.462
20.642 20.642
64.5725 64.5725
64.5725 64.5725
41.6369 41.6369
19.407 19.407
116.266 116.266
33.8741 33.8741
10.9738 10.9738
59.6325 59.6325
71.4532 71.4532
29.287 29.287
19.5835 19.5835
45.8712 45.8712
45.8712 45.8712
21.3477 21.3477
65.2782 65.2782
34.4034 34.4034
38.9905 38.9905
20.2892 20.2892
82.7446 82.7446
22.5827 22.5827
97.9173 97.9173
33.5212 33.5212
24.5234 24.5234
23.6413 23.6413
23.6413 23.6413
43.2248 43.2248
43.2248 43.2248
44.8126 44.8126
69.1596 69.1596
14.3789 14.3789
13.9378 13.9378
18.3485 18.3485
18.5249 18.5249
29.8163 29.8163
46.224 46.224
46.224 46.224
98.7995 98.7995
98.7995 98.7995
98.7995 98.7995
41.4605 41.4605
21.877 21.877
18.7013 18.7013
41.4605 41.4605
11.6442 11.6442
13.1968 13.1968
11.2384 11.2384
25.0527 25.0527
11.8912 11.8912
10.3034 10.3034
27.1699 27.1699
19.2306 19.2306
11.7677 11.7677
60.6911 60.6911
25.4056 25.4056
36.1677 36.1677
12.4381 12.4381
41.6369 41.6369
10.3387 10.3387
30.522 30.522
28.5813 28.5813
36.1677 36.1677
18.172 18.172
58.2211 58.2211
47.9883 47.9883
16.9723 16.9723
13.9731 13.9731
11.9618 11.9618
12.6322 12.6322
10.9385 10.9385
49.3997 49.3997
46.4005 46.4005
80.0981 80.0981
80.0981 80.0981
24.8763 24.8763
20.4656 20.4656
76.3932 76.3932
76.3932 76.3932
105.327 105.327
12.8439 12.8439
22.7592 22.7592
32.992 32.992
21.1713 21.1713
10.3563 10.3563
17.9956 17.9956
37.2262 37.2262
58.574 58.574
23.4649 23.4649
65.9839 65.9839
13.2674 13.2674
12.2794 12.2794
12.1382 12.1382
42.8719 42.8719
10.6033 10.6033
29.287 29.287
174.487 174.487
12.3676 12.3676
126.499 126.499
15.0846 15.0846
36.3441 36.3441
98.7995 98.7995
34.4034 34.4034
65.2782 65.2782
67.3954 67.3954
33.8741 33.8741
56.9861 56.9861
17.6428 17.6428
21.5242 21.5242
21.1713 21.1713
39.5198 39.5198
21.3477 21.3477
33.6977 33.6977
33.6977 33.6977
22.7592 22.7592
20.2892 20.2892
33.5212 33.5212
30.6984 30.6984
42.1662 42.1662
15.0846 15.0846
33.5212 33.5212
34.7562 34.7562
13.9025 13.9025
55.7511 55.7511
55.7511 55.7511
10.8856 10.8856
25.582 25.582
65.8075 65.8075
38.4612 38.4612
12.5087 12.5087
24.8763 24.8763
20.642 20.642
15.1198 15.1198
47.6355 47.6355
26.9934 26.9934
192.306 192.306
18.5249 18.5249
17.2546 17.2546
23.4649 23.4649
20.4656 20.4656
28.052 28.052
15.5786 15.5786
20.4656 20.4656
41.2841 41.2841
10.0034 10.0034
15.8079 15.8079
25.9349 25.9349
16.4078 16.4078
18.7013 18.7013
46.7533 46.7533
12.5616 12.5616
18.7013 18.7013
39.1669 39.1669
14.2377 14.2377
58.9268 58.9268
46.224 46.224
11.7148 11.7148
19.9363 19.9363
49.5762 49.5762
65.6311 65.6311
46.7533 46.7533
25.9349 25.9349
10.5327 10.5327
17.3252 17.3252
10.6033 10.6033
11.4678 11.4678
11.7854 11.7854
15.0669 15.0669
17.6428 17.6428
22.7592 22.7592
67.2189 67.2189
19.5835 19.5835
20.2892 20.2892
21.3477 21.3477
18.3485 18.3485
25.0527 25.0527
29.1106 29.1106
20.4656 20.4656
119.618 119.618
119.618 119.618
72.1589 72.1589
46.224 46.224
14.0084 14.0084
22.2299 22.2299
10.9914 10.9914
29.8163 29.8163
33.3448 33.3448
27.1699 27.1699
29.6398 29.6398
30.6984 30.6984
13.3203 13.3203
35.9912 35.9912
45.8712 45.8712
29.287 29.287
17.484 17.484
32.4627 32.4627
16.3725 16.3725
14.1495 14.1495
44.2833 44.2833
14.2024 14.2024
22.4063 22.4063
15.1022 15.1022
27.6991 27.6991
43.9305 43.9305
133.379 133.379
133.379 133.379
103.563 103.563
13.4791 13.4791
11.4678 11.4678
51.5169 51.5169
51.5169 51.5169
51.5169 51.5169
33.8741 33.8741
33.8741 33.8741
28.4048 28.4048
12.791 12.791
10.4798 10.4798
47.2826 47.2826
47.2826 47.2826
35.6384 35.6384
23.4649 23.4649
27.1699 27.1699
14.273 14.273
13.6908 13.6908
12.4205 12.4205
31.0513 31.0513
19.9363 19.9363
19.9363 19.9363
21.3477 21.3477
28.5813 28.5813
33.1684 33.1684
29.1106 29.1106
37.9319 37.9319
31.5805 31.5805
20.642 20.642
25.4056 25.4056
102.504 102.504
40.5784 40.5784
18.7013 18.7013
10.1269 10.1269
37.7555 37.7555
19.2306 19.2306
22.0535 22.0535
90.8602 90.8602
98.9759 98.9759
98.9759 98.9759
64.5725 64.5725
77.8046 77.8046
102.504 102.504
15.8961 15.8961
69.5125 69.5125
78.1574 78.1574
79.3924 79.3924
25.7584 25.7584
53.8104 53.8104
53.8104 53.8104
30.8748 30.8748
16.1784 16.1784
10.1622 10.1622
15.4727 15.4727
82.2153 82.2153
31.5805 31.5805
47.2826 47.2826
24.1706 24.1706
15.7197 15.7197
19.9363 19.9363
43.9305 43.9305
41.8133 41.8133
33.5212 33.5212
12.7734 12.7734
42.5191 42.5191
42.5191 42.5191
20.1127 20.1127
28.5813 28.5813
76.746 76.746
34.4034 34.4034
20.8185 20.8185
10.9032 10.9032
62.8082 62.8082
14.3083 14.3083
23.6413 23.6413
22.2299 22.2299
12.4381 12.4381
22.9356 22.9356
11.1502 11.1502
78.3339 78.3339
12.6499 12.6499
45.3419 45.3419
38.4612 38.4612
18.5249 18.5249
19.0542 19.0542
20.2892 20.2892
26.4641 26.4641
48.8705 48.8705
11.6972 11.6972
95.0945 95.0945
14.2201 14.2201
21.7006 21.7006
49.929 49.929
22.9356 22.9356
52.2226 52.2226
15.8256 15.8256
11.5207 11.5207
77.4517 77.4517
11.9265 11.9265
24.6999 24.6999
15.5786 15.5786
25.2292 25.2292
58.3975 58.3975
17.8192 17.8192
10.3739 10.3739
15.4727 15.4727
10.1975 10.1975
11.2914 11.2914
11.4325 11.4325
14.5906 14.5906
17.3076 17.3076
19.2306 19.2306
12.9674 12.9674
16.0196 16.0196
80.2746 80.2746
15.4903 15.4903
28.7577 28.7577
112.737 112.737
48.8705 48.8705
22.9356 22.9356
19.407 19.407
66.8661 66.8661
22.7592 22.7592
22.5827 22.5827
19.407 19.407
13.3909 13.3909
23.9942 23.9942
12.0324 12.0324
14.3436 14.3436
18.172 18.172
10.815 10.815
28.052 28.052
13.5144 13.5144
27.3463 27.3463
15.7903 15.7903
28.2284 28.2284
13.5673 13.5673
43.2248 43.2248
16.7606 16.7606
19.9363 19.9363
24.6999 24.6999
20.2892 20.2892
20.2892 20.2892
12.6675 12.6675
27.8756 27.8756
35.6384 35.6384
52.2226 52.2226
50.6347 50.6347
27.8756 27.8756
17.9956 17.9956
16.9547 16.9547
19.0542 19.0542
64.0432 64.0432
38.8141 38.8141
32.8155 32.8155
22.0535 22.0535
43.0483 43.0483
31.4041 31.4041
32.6391 32.6391
16.3019 16.3019
73.5703 73.5703
60.6911 60.6911
66.1604 66.1604
122.794 122.794
27.1699 27.1699
22.0535 22.0535
45.3419 45.3419
17.6428 17.6428
17.5193 17.5193
26.1113 26.1113
43.7541 43.7541
29.9927 29.9927
45.3419 45.3419
35.6384 35.6384
16.9194 16.9194
48.5176 48.5176
21.5242 21.5242
20.9949 20.9949
12.4558 12.4558
35.8148 35.8148
25.582 25.582
18.172 18.172
15.1375 15.1375
16.3901 16.3901
25.2292 25.2292
29.6398 29.6398
41.4605 41.4605
14.767 14.767
10.7621 10.7621
22.4063 22.4063
32.2863 32.2863
18.172 18.172
43.5776 43.5776
52.0462 52.0462
31.757 31.757
56.104 56.104
13.285 13.285
12.0676 12.0676
19.2306 19.2306
12.1559 12.1559
35.8148 35.8148
43.5776 43.5776
32.1098 32.1098
12.2441 12.2441
20.1127 20.1127
25.2292 25.2292
32.8155 32.8155
11.6442 11.6442
14.6259 14.6259
11.9618 11.9618
13.0027 13.0027
61.044 61.044
18.8778 18.8778
49.7526 49.7526
18.7013 18.7013
34.0505 34.0505
11.1502 11.1502
17.0076 17.0076
69.6889 69.6889
69.6889 69.6889
69.6889 69.6889
19.0542 19.0542
16.5842 16.5842
13.1439 13.1439
11.6619 11.6619
20.9949 20.9949
11.8207 11.8207
48.694 48.694
30.6984 30.6984
30.6984 30.6984
13.3203 13.3203
18.172 18.172
26.6406 26.6406
50.9876 50.9876
63.6904 63.6904
18.5249 18.5249
43.7541 43.7541
20.2892 20.2892
37.0498 37.0498
28.5813 28.5813
31.757 31.757
25.2292 25.2292
24.1706 24.1706
23.8177 23.8177
52.7519 52.7519
16.8136 16.8136
38.4612 38.4612
20.2892 20.2892
14.8376 14.8376
12.5087 12.5087
22.4063 22.4063
38.8141 38.8141
19.5835 19.5835
19.5835 19.5835
19.2306 19.2306
11.1679 11.1679
14.1142 14.1142
10.6915 10.6915
69.5125 69.5125
13.3203 13.3203
10.1269 10.1269
14.5024 14.5024
22.9356 22.9356
47.2826 47.2826
22.4063 22.4063
14.1319 14.1319
22.4063 22.4063
31.9334 31.9334
68.4539 68.4539
68.4539 68.4539
29.9927 29.9927
26.817 26.817
10.8679 10.8679
52.9283 52.9283
20.8185 20.8185
38.8141 38.8141
23.112 23.112
10.2328 10.2328
18.3485 18.3485
19.0542 19.0542
11.2561 11.2561
36.8734 36.8734
22.0535 22.0535
21.1713 21.1713
28.9341 28.9341
14.0789 14.0789
10.6739 10.6739
24.6999 24.6999
145.2 145.2
18.8778 18.8778
32.1098 32.1098
10.9562 10.9562
12.7734 12.7734
21.3477 21.3477
14.3612 14.3612
11.3619 11.3619
42.5191 42.5191
12.5969 12.5969
12.8616 12.8616
16.7077 16.7077
27.5227 27.5227
16.9194 16.9194
14.9081 14.9081
43.7541 43.7541
17.2193 17.2193
61.5732 61.5732
15.9491 15.9491
26.1113 26.1113
79.0396 79.0396
14.8728 14.8728
16.3548 16.3548
14.2554 14.2554
58.2211 58.2211
19.0542 19.0542
40.0491 40.0491
43.4012 43.4012
23.112 23.112
23.112 23.112
17.3252 17.3252
16.4607 16.4607
98.4466 98.4466
13.7966 13.7966
11.7148 11.7148
13.4967 13.4967
16.9547 16.9547
31.9334 31.9334
23.2884 23.2884
25.2292 25.2292
50.2819 50.2819
127.204 127.204
19.2306 19.2306
20.1127 20.1127
14.1142 14.1142
22.7592 22.7592
22.2299 22.2299
61.2204 61.2204
70.7475 70.7475
37.9319 37.9319
37.9319 37.9319
67.7482 67.7482
15.7373 15.7373
26.6406 26.6406
24.347 24.347
47.8119 47.8119
31.5805 31.5805
32.1098 32.1098
32.1098 32.1098
20.8185 20.8185
45.3419 45.3419
48.3412 48.3412
23.112 23.112
172.723 172.723
57.6918 57.6918
37.9319 37.9319
26.1113 26.1113
40.7548 40.7548
15.6491 15.6491
22.7592 22.7592
10.5151 10.5151
10.5151 10.5151
17.3781 17.3781
32.8155 32.8155
18.5249 18.5249
18.5249 18.5249
20.8185 20.8185
56.2804 56.2804
16.5313 16.5313
31.757 31.757
47.9883 47.9883
14.3965 14.3965
16.7783 16.7783
46.4005 46.4005
13.5144 13.5144
18.7013 18.7013
14.2024 14.2024
12.4205 12.4205
35.462 35.462
35.462 35.462
14.8552 14.8552
17.2193 17.2193
14.5729 14.5729
41.6369 41.6369
20.1127 20.1127
19.407 19.407
20.2892 20.2892
82.2153 82.2153
16.4254 16.4254
41.8133 41.8133
18.172 18.172
35.462 35.462
29.1106 29.1106
39.3434 39.3434
33.6977 33.6977
21.1713 21.1713
41.6369 41.6369
26.2877 26.2877
13.2497 13.2497
13.2497 13.2497
170.782 170.782
170.782 170.782
68.1011 68.1011
34.9327 34.9327
20.1127 20.1127
28.9341 28.9341
30.8748 30.8748
23.4649 23.4649
50.6347 50.6347
22.5827 22.5827
32.992 32.992
13.8496 13.8496
16.5842 16.5842
15.0669 15.0669
46.224 46.224
11.7148 11.7148
10.7621 10.7621
41.1076 41.1076
152.963 152.963
38.6377 38.6377
104.622 104.622
14.9611 14.9611
24.6999 24.6999
28.4048 28.4048
28.052 28.052
31.2277 31.2277
39.6962 39.6962
15.0846 15.0846
16.249 16.249
14.5024 14.5024
15.6491 15.6491
31.5805 31.5805
31.5805 31.5805
23.6413 23.6413
22.9356 22.9356
25.4056 25.4056
37.4027 37.4027
11.0797 11.0797
10.3563 10.3563
22.4063 22.4063
24.5234 24.5234
24.6999 24.6999
11.1855 11.1855
23.4649 23.4649
42.6955 42.6955
67.5718 67.5718
39.6962 39.6962
39.6962 39.6962
11.2561 11.2561
10.1975 10.1975
19.2306 19.2306
22.5827 22.5827
35.1091 35.1091
36.3441 36.3441
11.3972 11.3972
11.6089 11.6089
54.869 54.869
15.1022 15.1022
14.3436 14.3436
14.3436 14.3436
13.6202 13.6202
88.0374 88.0374
50.1054 50.1054
14.273 14.273
18.5249 18.5249
18.5249 18.5249
32.8155 32.8155
80.8039 80.8039
31.4041 31.4041
23.9942 23.9942
40.5784 40.5784
49.5762 49.5762
15.7903 15.7903
15.7903 15.7903
45.3419 45.3419
45.5183 45.5183
21.1713 21.1713
38.1084 38.1084
15.508 15.508
13.532 13.532
29.8163 29.8163
16.3901 16.3901
45.8712 45.8712
45.8712 45.8712
82.7446 82.7446
30.6984 30.6984
55.7511 55.7511
65.9839 65.9839
10.7621 10.7621
14.4494 14.4494
15.261 15.261
26.4641 26.4641
18.8778 18.8778
18.3485 18.3485
22.5827 22.5827
17.5898 17.5898
10.568 10.568
25.4056 25.4056
17.6428 17.6428
10.4445 10.4445
37.9319 37.9319
28.4048 28.4048
83.2738 83.2738
58.3975 58.3975
22.7592 22.7592
32.2863 32.2863
29.1106 29.1106
27.1699 27.1699
19.5835 19.5835
20.2892 20.2892
15.5962 15.5962
53.8104 53.8104
34.9327 34.9327
10.2857 10.2857
12.5087 12.5087
20.642 20.642
49.3997 49.3997
11.5207 11.5207
13.3556 13.3556
22.4063 22.4063
10.9562 10.9562
50.4583 50.4583
52.7519 52.7519
88.0374 88.0374
31.0513 31.0513
31.4041 31.4041
10.3916 10.3916
31.9334 31.9334
10.9032 10.9032
15.4198 15.4198
30.1691 30.1691
15.1375 15.1375
40.4019 40.4019
19.0542 19.0542
27.6991 27.6991
54.5161 54.5161
18.5249 18.5249
36.5205 36.5205
36.5205 36.5205
57.6918 57.6918
19.9363 19.9363
54.6926 54.6926
54.6926 54.6926
76.746 76.746
24.5234 24.5234
14.1671 14.1671
33.1684 33.1684
29.287 29.287
29.287 29.287
73.9232 73.9232
19.407 19.407
163.019 163.019
138.319 138.319
41.6369 41.6369
115.384 115.384
115.384 115.384
31.2277 31.2277
15.4727 15.4727
13.3732 13.3732
63.8668 63.8668
27.5227 27.5227
58.0447 58.0447
33.5212 33.5212
33.5212 33.5212
66.8661 66.8661
66.8661 66.8661
21.5242 21.5242
22.4063 22.4063
11.3972 11.3972
25.4056 25.4056
14.8199 14.8199
36.5205 36.5205
13.4967 13.4967
17.9956 17.9956
17.9956 17.9956
27.5227 27.5227
10.3034 10.3034
94.5652 94.5652
94.5652 94.5652
25.4056 25.4056
17.6251 17.6251
25.4056 25.4056
82.0388 82.0388
82.0388 82.0388
48.3412 48.3412
48.3412 48.3412
15.2963 15.2963
15.5786 15.5786
17.2193 17.2193
22.9356 22.9356
19.407 19.407
12.5087 12.5087
36.6969 36.6969
88.3902 88.3902
88.3902 88.3902
41.4605 41.4605
41.4605 41.4605
14.2201 14.2201
40.4019 40.4019
14.8728 14.8728
64.7489 64.7489
91.7424 91.7424
91.7424 91.7424
21.3477 21.3477
28.5813 28.5813
40.5784 40.5784
17.6428 17.6428
68.8068 68.8068
10.9914 10.9914
15.7021 15.7021
12.5793 12.5793
60.3382 60.3382
10.1269 10.1269
16.4607 16.4607
44.6362 44.6362
11.0973 11.0973
17.9956 17.9956
24.1706 24.1706
71.1003 71.1003
71.1003 71.1003
71.1003 71.1003
70.5711 70.5711
70.5711 70.5711
44.2833 44.2833
64.2197 64.2197
11.5384 11.5384
13.8672 13.8672
17.9956 17.9956
10.7092 10.7092
19.2306 19.2306
22.2299 22.2299
24.5234 24.5234
97.3881 97.3881
40.4019 40.4019
20.1127 20.1127
66.8661 66.8661
14.767 14.767
23.9942 23.9942
10.9032 10.9032
19.407 19.407
25.2292 25.2292
20.1127 20.1127
19.7599 19.7599
23.112 23.112
11.6795 11.6795
37.7555 37.7555
10.7268 10.7268
44.989 44.989
22.7592 22.7592
12.5264 12.5264
29.1106 29.1106
127.028 127.028
37.7555 37.7555
18.7013 18.7013
21.877 21.877
30.6984 30.6984
53.2811 53.2811
59.809 59.809
59.809 59.809
71.6296 71.6296
140.26 140.26
69.1596 69.1596
19.0542 19.0542
18.172 18.172
23.8177 23.8177
25.582 25.582
25.582 25.582
12.3323 12.3323
34.0505 34.0505
64.0432 64.0432
47.459 47.459
105.68 105.68
11.4854 11.4854
15.3139 15.3139
22.9356 22.9356
25.0527 25.0527
19.7599 19.7599
27.3463 27.3463
21.5242 21.5242
13.4967 13.4967
16.7783 16.7783
60.5147 60.5147
31.0513 31.0513
31.0513 31.0513
12.2264 12.2264
37.2262 37.2262
23.2884 23.2884
68.8068 68.8068
39.6962 39.6962
43.5776 43.5776
52.0462 52.0462
19.2306 19.2306
88.5667 88.5667
52.0462 52.0462
29.1106 29.1106
41.2841 41.2841
13.3909 13.3909
26.4641 26.4641
34.7562 34.7562
23.4649 23.4649
33.6977 33.6977
33.6977 33.6977
27.6991 27.6991
13.285 13.285
28.2284 28.2284
23.112 23.112
35.9912 35.9912
15.8961 15.8961
83.6267 83.6267
25.7584 25.7584
71.2768 71.2768
77.981 77.981
21.877 21.877
10.9738 10.9738
19.5835 19.5835
44.2833 44.2833
44.2833 44.2833
29.4634 29.4634
29.4634 29.4634
63.6904 63.6904
63.6904 63.6904
40.5784 40.5784
29.287 29.287
26.9934 26.9934
13.7084 13.7084
86.4495 86.4495
39.1669 39.1669
34.0505 34.0505
148.905 148.905
148.905 148.905
15.2257 15.2257
94.5652 94.5652
19.9363 19.9363
22.7592 22.7592
29.6398 29.6398
16.7606 16.7606
28.2284 28.2284
55.9276 55.9276
90.5074 90.5074
90.5074 90.5074
90.5074 90.5074
61.5732 61.5732
24.347 24.347
36.6969 36.6969
13.8496 13.8496
18.5249 18.5249
28.9341 28.9341
19.7599 19.7599
82.3917 82.3917
11.4678 11.4678
19.2306 19.2306
81.686 81.686
52.7519 52.7519
73.9232 73.9232
16.4783 16.4783
19.0542 19.0542
19.0542 19.0542
35.1091 35.1091
48.5176 48.5176
16.0549 16.0549
19.407 19.407
46.9297 46.9297
30.522 30.522
38.8141 38.8141
18.8778 18.8778
17.8192 17.8192
17.8192 17.8192
27.8756 27.8756
67.2189 67.2189
23.4649 23.4649
37.7555 37.7555
29.287 29.287
20.4656 20.4656
49.7526 49.7526
80.451 80.451
44.1069 44.1069
71.9825 71.9825
16.8488 16.8488
42.5191 42.5191
69.6889 69.6889
101.799 101.799
52.0462 52.0462
21.1713 21.1713
71.6296 71.6296
50.6347 50.6347
11.3796 11.3796
31.9334 31.9334
13.0909 13.0909
30.8748 30.8748
108.327 108.327
85.9203 85.9203
85.9203 85.9203
57.1626 57.1626
14.6435 14.6435
22.0535 22.0535
10.8856 10.8856
12.4911 12.4911
61.5732 61.5732
61.5732 61.5732
11.1855 11.1855
53.2811 53.2811
29.8163 29.8163
39.8726 39.8726
24.8763 24.8763
16.3196 16.3196
86.8024 86.8024
41.6369 41.6369
30.8748 30.8748
108.15 108.15
17.4134 17.4134
26.9934 26.9934
29.4634 29.4634
31.757 31.757
21.5242 21.5242
11.9442 11.9442
27.6991 27.6991
15.8608 15.8608
15.8608 15.8608
24.1706 24.1706
28.9341 28.9341
10.0387 10.0387
48.1647 48.1647
48.1647 48.1647
18.8778 18.8778
13.8143 13.8143
27.5227 27.5227
22.9356 22.9356
22.7592 22.7592
116.795 116.795
22.0535 22.0535
16.7606 16.7606
29.6398 29.6398
11.4149 11.4149
31.2277 31.2277
21.3477 21.3477
27.5227 27.5227
37.7555 37.7555
20.642 20.642
24.8763 24.8763
16.6195 16.6195
31.9334 31.9334
17.6428 17.6428
26.9934 26.9934
23.6413 23.6413
49.7526 49.7526
36.6969 36.6969
33.8741 33.8741
14.6435 14.6435
28.5813 28.5813
58.3975 58.3975
31.4041 31.4041
14.0613 14.0613
21.5242 21.5242
19.5835 19.5835
13.4438 13.4438
21.5242 21.5242
12.3499 12.3499
70.0418 70.0418
14.6259 14.6259
11.8207 11.8207
16.1255 16.1255
20.2892 20.2892
20.1127 20.1127
48.5176 48.5176
25.7584 25.7584
10.1799 10.1799
24.347 24.347
17.8192 17.8192
15.1022 15.1022
12.5087 12.5087
22.5827 22.5827
16.5313 16.5313
36.1677 36.1677
14.273 14.273
35.8148 35.8148
18.3485 18.3485
215.242 215.242
19.407 19.407
29.8163 29.8163
103.034 103.034
57.1626 57.1626
18.5249 18.5249
15.7373 15.7373
25.7584 25.7584
21.7006 21.7006
13.7437 13.7437
10.4798 10.4798
12.9851 12.9851
18.172 18.172
12.7028 12.7028
30.3456 30.3456
10.0387 10.0387
56.4568 56.4568
25.9349 25.9349
19.7599 19.7599
67.2189 67.2189
30.8748 30.8748
35.9912 35.9912
13.1615 13.1615
17.1311 17.1311
14.767 14.767
20.8185 20.8185
11.7501 11.7501
13.9025 13.9025
31.757 31.757
52.0462 52.0462
61.044 61.044
38.4612 38.4612
18.5249 18.5249
13.038 13.038
50.1054 50.1054
20.8185 20.8185
32.1098 32.1098
18.3485 18.3485
52.0462 52.0462
16.743 16.743
38.1084 38.1084
46.224 46.224
46.224 46.224
43.7541 43.7541
50.2819 50.2819
60.1618 60.1618
60.1618 60.1618
96.8588 96.8588
11.0267 11.0267
12.7204 12.7204
61.3968 61.3968
65.4547 65.4547
65.4547 65.4547
10.2857 10.2857
23.2884 23.2884
18.172 18.172
31.2277 31.2277
31.2277 31.2277
18.8778 18.8778
21.1713 21.1713
15.2786 15.2786
15.0316 15.0316
38.9905 38.9905
46.5769 46.5769
31.4041 31.4041
19.2306 19.2306
28.4048 28.4048
14.2024 14.2024
14.2024 14.2024
14.6611 14.6611
17.0253 17.0253
18.3485 18.3485
20.2892 20.2892
21.5242 21.5242
31.0513 31.0513
25.9349 25.9349
21.1713 21.1713
24.6999 24.6999
12.2794 12.2794
58.2211 58.2211
27.8756 27.8756
23.112 23.112
15.3316 15.3316
11.8383 11.8383
17.8192 17.8192
26.1113 26.1113
19.0542 19.0542
55.7511 55.7511
12.6499 12.6499
15.2257 15.2257
16.2137 16.2137
20.8185 20.8185
40.7548 40.7548
19.2306 19.2306
16.0902 16.0902
14.0613 14.0613
15.3668 15.3668
17.6428 17.6428
18.172 18.172
32.992 32.992
17.9956 17.9956
21.3477 21.3477
19.7599 19.7599
24.347 24.347
24.6999 24.6999
16.5842 16.5842
42.8719 42.8719
14.6259 14.6259
104.798 104.798
104.798 104.798
48.1647 48.1647
48.1647 48.1647
10.1093 10.1093
20.642 20.642
13.8849 13.8849
28.4048 28.4048
49.3997 49.3997
139.025 139.025
27.1699 27.1699
26.9934 26.9934
38.2848 38.2848
27.3463 27.3463
27.3463 27.3463
17.6428 17.6428
11.6089 11.6089
36.3441 36.3441
36.3441 36.3441
73.2175 73.2175
65.8075 65.8075
54.3397 54.3397
59.2797 59.2797
32.4627 32.4627
28.2284 28.2284
47.6355 47.6355
37.9319 37.9319
29.1106 29.1106
126.499 126.499
117.324 117.324
20.4656 20.4656
30.6984 30.6984
45.5183 45.5183
33.3448 33.3448
28.2284 28.2284
17.1488 17.1488
54.869 54.869
39.5198 39.5198
43.4012 43.4012
39.8726 39.8726
26.817 26.817
20.8185 20.8185
26.6406 26.6406
17.3605 17.3605
104.798 104.798
34.5798 34.5798
26.2877 26.2877
12.1735 12.1735
14.767 14.767
15.2963 15.2963
13.0027 13.0027
19.2306 19.2306
27.5227 27.5227
34.5798 34.5798
19.407 19.407
20.8185 20.8185
78.1574 78.1574
32.992 32.992
42.1662 42.1662
12.297 12.297
16.3019 16.3019
17.8192 17.8192
16.496 16.496
13.6908 13.6908
29.1106 29.1106
51.8697 51.8697
80.0981 80.0981
80.0981 80.0981
31.757 31.757
16.3019 16.3019
22.5827 22.5827
36.6969 36.6969
22.9356 22.9356
114.854 114.854
29.1106 29.1106
77.6282 77.6282
12.4558 12.4558
74.9817 74.9817
74.9817 74.9817
26.6406 26.6406
34.227 34.227
33.3448 33.3448
22.0535 22.0535
11.2561 11.2561
13.6731 13.6731
24.5234 24.5234
23.4649 23.4649
16.9723 16.9723
20.4656 20.4656
24.8763 24.8763
14.026 14.026
25.582 25.582
23.112 23.112
29.1106 29.1106
20.8185 20.8185
28.7577 28.7577
11.6442 11.6442
13.3379 13.3379
23.112 23.112
25.4056 25.4056
24.8763 24.8763
86.9788 86.9788
13.8143 13.8143
22.7592 22.7592
94.0359 94.0359
94.0359 94.0359
159.667 159.667
28.5813 28.5813
57.5154 57.5154
68.6303 68.6303
21.1713 21.1713
20.8185 20.8185
31.0513 31.0513
24.8763 24.8763
41.8133 41.8133
30.1691 30.1691
32.4627 32.4627
84.5088 84.5088
84.5088 84.5088
17.484 17.484
17.484 17.484
24.8763 24.8763
26.2877 26.2877
89.8017 89.8017
89.8017 89.8017
47.6355 47.6355
15.2433 15.2433
21.7006 21.7006
10.4445 10.4445
31.5805 31.5805
33.8741 33.8741
21.5242 21.5242
25.7584 25.7584
22.9356 22.9356
15.9667 15.9667
14.6259 14.6259
49.2233 49.2233
16.2666 16.2666
24.6999 24.6999
10.0034 10.0034
22.4063 22.4063
108.679 108.679
108.679 108.679
59.809 59.809
16.3372 16.3372
18.5249 18.5249
69.1596 69.1596
19.5835 19.5835
87.1552 87.1552
232.884 232.884
232.884 232.884
17.8192 17.8192
16.8136 16.8136
26.9934 26.9934
27.5227 27.5227
18.3485 18.3485
23.112 23.112
56.4568 56.4568
78.6867 78.6867
15.8961 15.8961
12.9674 12.9674
45.8712 45.8712
19.407 19.407
13.2674 13.2674
194.07 194.07
45.5183 45.5183
50.9876 50.9876
28.052 28.052
27.5227 27.5227
24.6999 24.6999
12.7734 12.7734
13.9378 13.9378
14.2024 14.2024
20.9949 20.9949
57.5154 57.5154
40.9312 40.9312
53.4576 53.4576
23.8177 23.8177
16.8488 16.8488
21.3477 21.3477
14.9258 14.9258
98.9759 98.9759
12.0324 12.0324
69.8653 69.8653
69.8653 69.8653
22.0535 22.0535
13.4085 13.4085
28.9341 28.9341
29.6398 29.6398
99.5052 99.5052
99.5052 99.5052
14.6082 14.6082
12.05 12.05
41.6369 41.6369
15.1904 15.1904
13.7966 13.7966
34.227 34.227
11.3972 11.3972
28.2284 28.2284
12.1735 12.1735
14.767 14.767
17.0253 17.0253
27.1699 27.1699
13.9025 13.9025
68.2775 68.2775
68.2775 68.2775
68.2775 68.2775
15.5433 15.5433
16.4254 16.4254
16.8665 16.8665
18.8778 18.8778
15.5256 15.5256
13.9025 13.9025
23.8177 23.8177
47.6355 47.6355
11.0091 11.0091
92.2717 92.2717
26.817 26.817
11.2384 11.2384
22.0535 22.0535
88.3902 88.3902
88.3902 88.3902
11.4325 11.4325
56.6333 56.6333
32.4627 32.4627
21.7006 21.7006
10.9562 10.9562
19.5835 19.5835
13.038 13.038
82.7446 82.7446
14.1848 14.1848
11.0973 11.0973
75.8639 75.8639
14.3965 14.3965
20.8185 20.8185
27.8756 27.8756
27.6991 27.6991
71.6296 71.6296
54.5161 54.5161
23.4649 23.4649
24.1706 24.1706
31.5805 31.5805
11.3972 11.3972
23.6413 23.6413
11.7148 11.7148
10.1799 10.1799
30.1691 30.1691
95.2709 95.2709
95.2709 95.2709
58.2211 58.2211
58.2211 58.2211
38.9905 38.9905
58.7504 58.7504
62.279 62.279
12.2264 12.2264
24.8763 24.8763
21.5242 21.5242
20.642 20.642
21.1713 21.1713
61.7497 61.7497
41.2841 41.2841
15.261 15.261
34.0505 34.0505
91.0367 91.0367
10.8679 10.8679
27.1699 27.1699
12.9674 12.9674
34.0505 34.0505
37.7555 37.7555
14.0436 14.0436
18.3485 18.3485
27.1699 27.1699
26.1113 26.1113
53.9869 53.9869
53.9869 53.9869
21.7006 21.7006
19.0542 19.0542
49.2233 49.2233
49.2233 49.2233
37.9319 37.9319
25.582 25.582
11.0973 11.0973
58.7504 58.7504
45.8712 45.8712
19.7599 19.7599
19.0542 19.0542
13.6202 13.6202
10.7621 10.7621
22.2299 22.2299
16.7783 16.7783
30.3456 30.3456
27.6991 27.6991
16.5489 16.5489
27.6991 27.6991
16.249 16.249
21.7006 21.7006
21.3477 21.3477
17.8192 17.8192
19.5835 19.5835
14.0436 14.0436
17.1311 17.1311
39.6962 39.6962
52.5754 52.5754
10.1622 10.1622
58.0447 58.0447
12.5087 12.5087
28.4048 28.4048
30.522 30.522
18.8778 18.8778
37.2262 37.2262
43.9305 43.9305
11.1855 11.1855
12.791 12.791
14.5906 14.5906
14.5906 14.5906
38.8141 38.8141
10.815 10.815
22.0535 22.0535
16.6724 16.6724
52.5754 52.5754
23.112 23.112
42.8719 42.8719
16.3372 16.3372
10.3034 10.3034
31.757 31.757
17.0782 17.0782
40.5784 40.5784
40.5784 40.5784
22.7592 22.7592
55.7511 55.7511
13.1615 13.1615
34.227 34.227
18.7013 18.7013
42.8719 42.8719
39.1669 39.1669
25.4056 25.4056
27.1699 27.1699
19.9363 19.9363
15.0316 15.0316
15.1375 15.1375
66.1604 66.1604
24.8763 24.8763
26.1113 26.1113
72.8646 72.8646
72.8646 72.8646
22.9356 22.9356
18.172 18.172
16.0196 16.0196
34.5798 34.5798
48.5176 48.5176
13.3556 13.3556
53.2811 53.2811
33.5212 33.5212
59.6325 59.6325
59.6325 59.6325
59.6325 59.6325
98.7995 98.7995
98.7995 98.7995
98.7995 98.7995
98.7995 98.7995
21.3477 21.3477
13.7614 13.7614
12.4558 12.4558
35.462 35.462
20.4656 20.4656
15.5256 15.5256
57.339 57.339
20.1127 20.1127
15.6315 15.6315
15.9491 15.9491
43.0483 43.0483
97.0352 97.0352
97.0352 97.0352
45.8712 45.8712
36.1677 36.1677
21.7006 21.7006
60.3382 60.3382
23.9942 23.9942
68.2775 68.2775
68.2775 68.2775
71.6296 71.6296
10.6915 10.6915
35.1091 35.1091
17.2017 17.2017
54.5161 54.5161
54.5161 54.5161
54.5161 54.5161
38.9905 38.9905
27.1699 27.1699
61.7497 61.7497
53.1047 53.1047
68.1011 68.1011
19.9363 19.9363
30.6984 30.6984
15.6315 15.6315
16.3725 16.3725
34.7562 34.7562
38.8141 38.8141
51.3404 51.3404
29.8163 29.8163
21.877 21.877
77.2753 77.2753
28.2284 28.2284
23.8177 23.8177
49.5762 49.5762
21.5242 21.5242
13.9554 13.9554
15.2963 15.2963
21.877 21.877
21.1713 21.1713
41.6369 41.6369
25.0527 25.0527
10.8679 10.8679
11.3796 11.3796
68.8068 68.8068
35.9912 35.9912
47.1062 47.1062
22.4063 22.4063
38.8141 38.8141
23.8177 23.8177
13.5673 13.5673
60.5147 60.5147
27.5227 27.5227
21.3477 21.3477
11.6442 11.6442
20.9949 20.9949
12.6322 12.6322
30.522 30.522
73.7467 73.7467
50.4583 50.4583
31.2277 31.2277
32.992 32.992
34.9327 34.9327
23.6413 23.6413
14.1319 14.1319
36.3441 36.3441
20.2892 20.2892
11.8207 11.8207
10.074 10.074
41.1076 41.1076
20.4656 20.4656
13.3203 13.3203
26.4641 26.4641
12.4558 12.4558
104.092 104.092
50.4583 50.4583
14.2906 14.2906
12.2617 12.2617
13.3026 13.3026
24.8763 24.8763
38.9905 38.9905
34.9327 34.9327
11.5737 11.5737
14.4494 14.4494
35.1091 35.1091
35.1091 35.1091
32.992 32.992
12.3676 12.3676
32.992 32.992
16.7606 16.7606
33.3448 33.3448
38.4612 38.4612
25.7584 25.7584
17.8192 17.8192
68.4539 68.4539
22.5827 22.5827
12.0147 12.0147
15.2433 15.2433
10.321 10.321
14.7493 14.7493
58.574 58.574
22.9356 22.9356
19.0542 19.0542
25.582 25.582
25.582 25.582
38.8141 38.8141
36.6969 36.6969
96.8588 96.8588
29.6398 29.6398
23.9942 23.9942
31.0513 31.0513
21.3477 21.3477
16.0549 16.0549
21.3477 21.3477
33.5212 33.5212
33.1684 33.1684
22.5827 22.5827
24.5234 24.5234
22.7592 22.7592
26.1113 26.1113
16.8136 16.8136
10.5857 10.5857
27.1699 27.1699
23.2884 23.2884
16.0196 16.0196
20.9949 20.9949
32.1098 32.1098
15.1904 15.1904
21.1713 21.1713
28.7577 28.7577
42.3426 42.3426
59.9854 59.9854
28.4048 28.4048
16.0902 16.0902
24.6999 24.6999
37.4027 37.4027
15.8256 15.8256
21.3477 21.3477
10.0917 10.0917
77.0989 77.0989
15.5609 15.5609
45.8712 45.8712
54.6926 54.6926
158.079 158.079
126.675 126.675
126.675 126.675
74.6289 74.6289
74.6289 74.6289
26.4641 26.4641
31.4041 31.4041
20.642 20.642
18.5249 18.5249
31.757 31.757
31.757 31.757
22.0535 22.0535
19.7599 19.7599
17.4487 17.4487
28.2284 28.2284
13.6731 13.6731
57.8683 57.8683
65.1018 65.1018
30.6984 30.6984
25.7584 25.7584
18.7013 18.7013
31.9334 31.9334
31.5805 31.5805
35.462 35.462
38.8141 38.8141
21.3477 21.3477
24.347 24.347
12.3676 12.3676
21.7006 21.7006
22.9356 22.9356
54.1633 54.1633
54.1633 54.1633
42.1662 42.1662
24.8763 24.8763
26.6406 26.6406
16.0902 16.0902
47.1062 47.1062
88.7431 88.7431
10.7797 10.7797
35.462 35.462
20.2892 20.2892
30.3456 30.3456
23.9942 23.9942
16.7959 16.7959
61.2204 61.2204
61.2204 61.2204
50.9876 50.9876
50.9876 50.9876
92.8009 92.8009
126.146 126.146
51.8697 51.8697
23.8177 23.8177
90.3309 90.3309
23.2884 23.2884
22.4063 22.4063
74.4525 74.4525
56.104 56.104
56.104 56.104
12.7028 12.7028
68.8068 68.8068
71.1003 71.1003
28.9341 28.9341
30.8748 30.8748
29.1106 29.1106
13.8143 13.8143
13.3556 13.3556
16.4607 16.4607
19.5835 19.5835
27.1699 27.1699
23.8177 23.8177
48.1647 48.1647
22.7592 22.7592
19.407 19.407
34.4034 34.4034
30.3456 30.3456
18.7013 18.7013
32.4627 32.4627
68.9832 68.9832
12.2617 12.2617
12.5264 12.5264
15.755 15.755
24.1706 24.1706
23.8177 23.8177
72.1589 72.1589
15.1198 15.1198
31.2277 31.2277
15.9843 15.9843
11.5737 11.5737
20.8185 20.8185
65.9839 65.9839
14.767 14.767
18.7013 18.7013
18.7013 18.7013
57.1626 57.1626
42.8719 42.8719
34.227 34.227
13.2497 13.2497
32.992 32.992
59.9854 59.9854
17.3076 17.3076
26.817 26.817
15.3845 15.3845
29.4634 29.4634
29.4634 29.4634
37.2262 37.2262
40.5784 40.5784
11.9265 11.9265
15.6138 15.6138
15.4551 15.4551
67.3954 67.3954
15.4903 15.4903
20.8185 20.8185
19.5835 19.5835
17.431 17.431
21.3477 21.3477
96.6823 96.6823
19.9363 19.9363
50.6347 50.6347
44.6362 44.6362
27.8756 27.8756
29.9927 29.9927
11.2384 11.2384
25.4056 25.4056
26.2877 26.2877
51.164 51.164
14.2906 14.2906
16.0196 16.0196
10.9032 10.9032
39.6962 39.6962
50.4583 50.4583
22.2299 22.2299
14.4494 14.4494
38.1084 38.1084
14.9081 14.9081
38.8141 38.8141
22.2299 22.2299
24.1706 24.1706
12.5793 12.5793
10.1975 10.1975
23.4649 23.4649
14.1319 14.1319
11.7854 11.7854
35.1091 35.1091
11.7677 11.7677
14.9963 14.9963
15.5256 15.5256
10.7092 10.7092
40.7548 40.7548
12.6146 12.6146
24.5234 24.5234
21.3477 21.3477
88.0374 88.0374
88.0374 88.0374
46.9297 46.9297
16.9547 16.9547
35.9912 35.9912
35.9912 35.9912
17.0076 17.0076
16.7077 16.7077
10.1093 10.1093
10.5327 10.5327
19.5835 19.5835
24.5234 24.5234
23.9942 23.9942
34.5798 34.5798
31.757 31.757
29.6398 29.6398
89.6252 89.6252
34.4034 34.4034
34.4034 34.4034
22.0535 22.0535
17.3958 17.3958
32.1098 32.1098
32.1098 32.1098
32.1098 32.1098
32.1098 32.1098
91.5659 91.5659
28.7577 28.7577
96.1531 96.1531
10.321 10.321
22.0535 22.0535
22.2299 22.2299
13.4967 13.4967
54.869 54.869
66.3368 66.3368
15.2081 15.2081
11.6442 11.6442
11.7324 11.7324
36.5205 36.5205
11.3267 11.3267
81.686 81.686
22.2299 22.2299
160.373 160.373
27.5227 27.5227
89.6252 89.6252
89.6252 89.6252
14.2906 14.2906
13.9731 13.9731
28.2284 28.2284
25.582 25.582
67.0425 67.0425
17.8192 17.8192
65.4547 65.4547
45.1655 45.1655
12.3499 12.3499
10.815 10.815
36.3441 36.3441
38.6377 38.6377
18.3485 18.3485
20.4656 20.4656
27.5227 27.5227
