87.396100 14.452200
93.843300 37.222800
60.675800 0.000000
114.618000 75.033700
54.371800 11.007200
71.278000 36.970700
72.352500 39.407400
49.142400 11.595400
45.990400 10.503000
45.918800 11.847400
50.933300 19.913800
33.740600 0.000000
69.415400 45.121000
73.068900 49.658400
57.308900 33.357600
46.850000 22.434500
53.583800 32.601400
41.405700 18.737400
25.860600 0.000000
50.575100 30.920900
55.088200 36.802600
84.530600 74.025400
46.993300 27.728000
43.196600 23.106700
76.650700 64.782700
55.804500 39.743500
33.669000 13.443900
45.632200 28.820300
47.924600 31.761200
22.278800 0.000000
67.481200 56.632400
21.777400 0.000000
39.399900 22.686600
50.718400 36.970700
20.846100 0.000000
52.007800 38.819200
40.187900 24.367000
68.126000 59.069100
19.914800 0.000000
48.640900 35.626300
44.987500 31.509100
66.693200 58.480900
19.413400 0.000000
47.566400 34.954100
55.016600 44.196800
19.341800 0.000000
18.983600 0.000000
36.319500 21.594200
55.016600 45.037000
18.625400 0.000000
46.348600 34.534000
38.683500 25.039200
18.482100 0.000000
58.096900 49.238200
80.232500 76.798200
97.425100 98.308400
18.052300 0.000000
49.357300 38.903200
75.934300 72.260900
60.675800 53.355400
47.279800 36.886700
59.314700 52.011000
48.784200 39.155300
42.193700 31.005000
16.977800 0.000000
38.253700 26.803800
54.586700 47.137600
31.448300 18.737400
26.505400 12.687700
56.306000 49.742400
34.457000 22.938600
44.486000 35.374200
55.661300 49.238200
41.978800 32.349400
38.182100 27.728000
15.688300 0.000000
32.952600 21.426200
15.545000 0.000000
72.352500 70.748500
15.258500 0.000000
66.406700 63.438300
35.531500 25.291300
15.115200 0.000000
37.322400 27.560000
28.439500 16.552800
43.483100 35.206200
28.224600 16.300700
54.515100 48.986200
47.279800 40.163600
53.082400 47.389700
14.828700 0.000000
27.293400 15.544500
14.685400 0.000000
57.882000 53.691500
31.376600 20.838000
57.094000 52.935300
48.067800 41.928100
85.963400 89.065800
41.692200 34.281900
34.815200 25.795500
13.969000 0.000000
27.006800 16.216700
57.738700 54.447700
24.141400 12.855700
29.227500 19.241600
31.376600 21.930300
52.294400 47.893800
26.863500 16.552800
21.849000 10.503000
58.741600 56.296300
30.230400 21.174100
65.188900 64.530700
54.801600 51.674900
46.563500 41.508000
75.217900 77.050300
45.059100 39.743500
32.451200 24.115000
39.973000 33.441700
12.966100 0.000000
27.508300 18.065200
41.119100 35.038100
32.093000 23.862900
26.935200 17.477100
35.316600 27.896100
34.815200 27.307900
35.674800 28.400200
55.732900 53.271400
22.422100 12.099500
62.036900 61.253700
54.944900 52.515200
44.486000 39.575400
12.464700 0.000000
12.393100 0.000000
26.648600 17.729100
28.726100 20.333900
35.101700 28.316200
26.147200 17.225000
33.525700 26.383600
34.242100 27.307900
35.173300 28.484200
33.597300 26.551700
28.941000 20.838000
63.612900 63.858500
34.600300 27.896100
49.572200 46.465400
46.563500 42.768400
32.379500 25.207300
73.068900 75.873900
37.752200 32.097300
11.820000 0.000000
43.196600 39.071300
73.068900 76.126000
37.537300 32.097300
49.500600 46.969600
30.445400 23.358800
11.605100 0.000000
41.334000 36.970700
43.125000 39.239300
25.287600 17.141000
11.461800 0.000000
76.650700 80.915400
41.477300 37.390800
33.669000 27.728000
11.246900 0.000000
56.950700 56.716400
21.705700 13.023800
11.175200 0.000000
21.490800 12.855700
80.232500 85.704800
62.180200 63.438300
40.689300 36.802600
30.946800 24.787200
45.990400 43.440600
25.717400 18.317300
10.888700 0.000000
38.253700 33.945800
10.817100 0.000000
69.773600 73.101100
59.672900 60.581500
21.634100 13.443900
70.490000 74.025400
55.303100 55.288000
42.623500 39.575400
42.122000 39.071300
62.108500 63.858500
10.602100 0.000000
50.431800 49.406300
29.084300 22.938600
55.518000 55.792100
10.458900 0.000000
33.024300 27.980100
10.387200 0.000000
39.041700 35.542300
27.579900 21.342200
55.088200 55.456000
10.315600 0.000000
43.912900 41.676100
43.339900 41.003900
18.697000 10.503000
32.952600 28.232200
10.172300 0.000000
52.151100 52.179100
10.029100 0.000000
73.785200 79.066900
23.210100 16.384700
46.491900 45.289100
72.352500 77.386400
53.225600 53.691500
30.946800 26.131600
33.883900 29.828600
23.568300 17.141000
49.787100 49.658400
55.732900 57.052500
35.245000 31.677200
55.231500 56.464300
36.391200 33.105600
57.308900 59.153100
51.864600 52.431200
30.158800 25.543400
32.379500 28.316200
33.167500 29.324500
24.141400 18.149200
28.654500 23.778900
35.030100 31.761200
24.857700 19.157500
24.714500 18.989500
20.774500 14.116100
24.284600 18.485300
40.331100 38.399100
61.535400 64.698700
56.377600 58.396900
27.293400 22.350500
35.889700 33.021500
32.021400 28.232200
51.721300 52.683200
59.601300 62.514100
63.971100 67.975700
58.884900 61.673800
33.095900 29.744600
49.285700 49.826400
26.362100 21.426200
36.391200 33.861800
21.634100 15.628500
43.912900 43.272500
20.559600 14.368200
27.723200 23.274700
47.566400 47.893800
25.215900 20.249900
60.890700 64.530700
88.112400 98.308400
39.399900 38.063000
32.881000 29.996700
62.395100 66.631300
28.439500 24.535100
36.606100 34.702000
32.093000 29.156400
67.266300 72.849100
35.388200 33.357600
53.870400 56.296300
19.699900 13.948000
25.932300 21.678300
17.837400 11.679400
35.101700 33.105600
24.786100 20.333900
27.078500 23.190700
40.761000 40.163600
32.236300 29.660600
65.833600 71.336600
26.648600 22.770600
52.724200 55.119900
47.638000 48.818100
34.815200 32.937500
24.642800 20.333900
48.139500 49.490300
20.917800 15.796600
41.405700 41.255900
73.785200 81.419500
41.047500 40.835800
54.586700 57.640700
28.081400 24.787200
30.015500 27.223900
