167.515000 0.000000
156.637000 0.000000
152.286000 0.000000
151.198000 0.000000
150.110000 0.000000
149.023000 0.000000
145.759000 0.000000
144.672000 0.000000
142.496000 0.000000
141.408000 0.000000
140.321000 0.000000
139.233000 0.000000
138.145000 0.000000
137.057000 0.000000
135.970000 0.000000
145.759000 9.998890
134.882000 0.000000
133.794000 0.000000
132.706000 0.000000
131.619000 0.000000
130.531000 0.000000
145.759000 16.048600
129.443000 0.000000
128.355000 0.000000
142.496000 14.620200
127.268000 0.000000
126.180000 0.000000
125.092000 0.000000
135.970000 11.679400
124.004000 0.000000
122.917000 0.000000
121.829000 0.000000
120.741000 0.000000
119.653000 0.000000
118.566000 0.000000
135.970000 17.645100
129.443000 11.763400
117.478000 0.000000
128.355000 11.931500
116.390000 0.000000
128.355000 12.015500
133.794000 17.477100
115.302000 0.000000
126.180000 11.259300
126.180000 11.595400
125.092000 10.755100
114.214000 0.000000
113.127000 0.000000
124.004000 11.007200
144.672000 32.097300
124.004000 11.931500
112.039000 0.000000
124.004000 12.183500
110.951000 0.000000
121.829000 10.923200
126.180000 15.292400
129.443000 19.493600
109.863000 0.000000
120.741000 11.427300
121.829000 12.687700
108.776000 0.000000
108.667000 0.000000
108.558000 0.000000
108.449000 0.000000
108.341000 0.000000
137.057000 28.820300
108.232000 0.000000
108.123000 0.000000
108.014000 0.000000
107.905000 0.000000
107.797000 0.000000
118.566000 10.839100
107.688000 0.000000
107.579000 0.000000
107.470000 0.000000
107.362000 0.000000
107.253000 0.000000
107.144000 0.000000
118.566000 11.427300
107.035000 0.000000
106.927000 0.000000
106.818000 0.000000
106.709000 0.000000
106.600000 0.000000
106.491000 0.000000
106.383000 0.000000
106.274000 0.000000
106.165000 0.000000
106.056000 0.000000
105.948000 0.000000
105.839000 0.000000
105.730000 0.000000
117.478000 11.847400
105.512000 0.000000
105.404000 0.000000
105.186000 0.000000
105.077000 0.000000
104.969000 0.000000
104.860000 0.000000
116.390000 11.595400
104.642000 0.000000
104.316000 0.000000
104.207000 0.000000
118.566000 14.452200
104.098000 0.000000
103.990000 0.000000
103.881000 0.000000
103.772000 0.000000
103.663000 0.000000
103.554000 0.000000
103.446000 0.000000
103.337000 0.000000
103.228000 0.000000
103.119000 0.000000
103.011000 0.000000
102.902000 0.000000
102.684000 0.000000
102.575000 0.000000
102.467000 0.000000
102.358000 0.000000
102.249000 0.000000
102.032000 0.000000
101.814000 0.000000
101.705000 0.000000
101.597000 0.000000
101.488000 0.000000
101.379000 0.000000
101.161000 0.000000
112.039000 10.923200
113.127000 12.015500
101.053000 0.000000
100.944000 0.000000
110.951000 10.082900
100.835000 0.000000
100.726000 0.000000
100.618000 0.000000
100.509000 0.000000
100.400000 0.000000
122.917000 22.602500
100.291000 0.000000
112.039000 11.847400
100.182000 0.000000
100.074000 0.000000
99.964900 0.000000
99.856100 0.000000
99.747300 0.000000
99.529800 0.000000
99.421000 0.000000
99.312200 0.000000
99.203400 0.000000
99.094700 0.000000
98.985900 0.000000
113.127000 14.200100
98.877100 0.000000
98.659600 0.000000
98.550800 0.000000
98.442000 0.000000
98.333200 0.000000
98.224500 0.000000
98.115700 0.000000
98.006900 0.000000
97.898100 0.000000
97.789400 0.000000
119.653000 21.930300
97.680600 0.000000
97.463000 0.000000
97.354200 0.000000
97.245500 0.000000
97.136700 0.000000
108.449000 11.343300
97.027900 0.000000
96.919100 0.000000
118.566000 21.678300
96.810400 0.000000
96.701600 0.000000
96.484000 0.000000
110.951000 14.536200
96.375300 0.000000
96.266500 0.000000
96.157700 0.000000
96.048900 0.000000
95.940200 0.000000
95.831400 0.000000
95.722600 0.000000
95.505100 0.000000
95.396300 0.000000
95.287500 0.000000
95.178700 0.000000
95.070000 0.000000
94.961200 0.000000
94.852400 0.000000
94.743600 0.000000
94.634900 0.000000
124.004000 29.408500
94.526100 0.000000
94.417300 0.000000
94.308500 0.000000
94.199800 0.000000
94.091000 0.000000
93.982200 0.000000
93.873400 0.000000
93.764700 0.000000
108.776000 15.040300
93.655900 0.000000
93.547100 0.000000
93.438300 0.000000
110.951000 17.561100
93.329500 0.000000
93.220800 0.000000
93.112000 0.000000
93.003200 0.000000
108.776000 15.796600
92.894400 0.000000
92.785700 0.000000
92.676900 0.000000
92.568100 0.000000
92.459300 0.000000
92.350600 0.000000
92.241800 0.000000
92.133000 0.000000
108.776000 16.720800
152.286000 60.245400
92.024200 0.000000
108.232000 16.300700
91.915500 0.000000
91.806700 0.000000
91.697900 0.000000
91.589100 0.000000
91.480400 0.000000
91.371600 0.000000
91.262800 0.000000
91.154000 0.000000
105.186000 14.116100
91.045300 0.000000
90.936500 0.000000
90.827700 0.000000
90.718900 0.000000
90.610200 0.000000
90.501400 0.000000
90.392600 0.000000
112.039000 21.678300
90.283800 0.000000
105.077000 14.872300
90.175100 0.000000
110.951000 20.838000
90.066300 0.000000
89.957500 0.000000
89.848700 0.000000
89.739900 0.000000
89.631200 0.000000
89.413600 0.000000
89.304800 0.000000
89.196100 0.000000
89.087300 0.000000
88.978500 0.000000
88.869700 0.000000
100.618000 11.763400
88.761000 0.000000
88.652200 0.000000
88.543400 0.000000
99.529800 11.007200
88.434600 0.000000
88.325900 0.000000
88.217100 0.000000
88.108300 0.000000
87.999500 0.000000
87.890800 0.000000
87.782000 0.000000
87.673200 0.000000
99.203400 11.595400
87.564400 0.000000
87.455700 0.000000
126.180000 38.735200
142.496000 55.119900
87.346900 0.000000
87.238100 0.000000
87.129300 0.000000
87.020600 0.000000
99.203400 12.183500
86.911800 0.000000
86.803000 0.000000
86.694200 0.000000
86.585500 0.000000
86.476700 0.000000
86.367900 0.000000
86.259100 0.000000
86.150400 0.000000
86.041600 0.000000
85.824000 0.000000
85.715200 0.000000
85.606500 0.000000
85.497700 0.000000
85.388900 0.000000
85.280100 0.000000
85.171400 0.000000
85.062600 0.000000
95.070000 10.082900
84.953800 0.000000
84.845000 0.000000
84.736300 0.000000
84.627500 0.000000
108.123000 23.610800
84.409900 0.000000
95.178700 10.839100
84.301200 0.000000
84.192400 0.000000
84.083600 0.000000
83.974800 0.000000
83.866100 0.000000
135.970000 52.179100
97.136700 13.359900
83.757300 0.000000
83.648500 0.000000
83.539700 0.000000
108.667000 25.207300
83.431000 0.000000
83.322200 0.000000
83.213400 0.000000
83.104600 0.000000
95.722600 12.687700
82.995900 0.000000
82.887100 0.000000
82.778300 0.000000
82.669500 0.000000
99.203400 16.636800
82.560800 0.000000
82.452000 0.000000
82.343200 0.000000
82.234400 0.000000
82.125700 0.000000
82.016900 0.000000
81.908100 0.000000
81.799300 0.000000
81.690500 0.000000
81.581800 0.000000
98.550800 17.056900
81.473000 0.000000
97.571800 16.132700
81.364200 0.000000
81.255400 0.000000
81.146700 0.000000
105.839000 24.787200
81.037900 0.000000
131.619000 50.750700
80.820300 0.000000
80.711600 0.000000
80.602800 0.000000
95.396300 14.872300
80.494000 0.000000
80.385200 0.000000
80.276500 0.000000
80.167700 0.000000
80.058900 0.000000
79.950100 0.000000
79.841400 0.000000
79.732600 0.000000
79.623800 0.000000
79.515000 0.000000
79.406300 0.000000
121.829000 42.432300
79.297500 0.000000
79.188700 0.000000
92.024200 12.855700
112.039000 32.937500
79.079900 0.000000
78.971200 0.000000
78.862400 0.000000
78.753600 0.000000
78.644800 0.000000
89.848700 11.259300
78.536100 0.000000
131.619000 53.103400
78.427300 0.000000
78.318500 0.000000
78.209700 0.000000
78.100900 0.000000
77.992200 0.000000
77.883400 0.000000
77.774600 0.000000
109.863000 32.097300
77.665800 0.000000
93.982200 16.384700
77.557100 0.000000
77.448300 0.000000
77.339500 0.000000
77.230700 0.000000
88.978500 11.847400
77.122000 0.000000
77.013200 0.000000
76.904400 0.000000
76.795600 0.000000
76.686900 0.000000
76.578100 0.000000
76.469300 0.000000
86.803000 10.335000
76.360500 0.000000
76.251800 0.000000
88.325900 12.099500
76.143000 0.000000
89.304800 13.191800
76.034200 0.000000
75.925400 0.000000
96.484000 20.586000
75.816700 0.000000
75.707900 0.000000
93.329500 17.729100
75.599100 0.000000
75.490300 0.000000
108.776000 33.357600
75.381600 0.000000
92.133000 16.804900
75.272800 0.000000
75.164000 0.000000
86.585500 11.427300
75.055200 0.000000
88.108300 13.107800
74.946500 0.000000
87.238100 12.351600
74.837700 0.000000
74.728900 0.000000
74.620100 0.000000
74.511400 0.000000
99.203400 24.787200
74.402600 0.000000
74.293800 0.000000
87.346900 13.107800
74.185000 0.000000
74.076200 0.000000
73.967500 0.000000
73.858700 0.000000
73.749900 0.000000
73.641100 0.000000
73.532400 0.000000
73.423600 0.000000
73.314800 0.000000
107.579000 34.281900
73.206000 0.000000
73.097300 0.000000
116.390000 43.356500
72.988500 0.000000
83.974800 11.007200
72.879700 0.000000
84.953800 12.099500
72.770900 0.000000
72.662200 0.000000
72.553400 0.000000
98.659600 26.131600
90.501400 17.981200
72.444600 0.000000
72.335800 0.000000
145.759000 73.521300
72.227100 0.000000
72.118300 0.000000
72.009500 0.000000
82.125700 10.166900
71.900700 0.000000
71.792000 0.000000
71.683200 0.000000
71.574400 0.000000
71.465600 0.000000
91.154000 19.745700
91.371600 19.997800
71.356900 0.000000
82.887100 11.595400
93.764700 22.602500
71.139300 0.000000
71.030500 0.000000
70.921800 0.000000
70.813000 0.000000
94.526100 23.778900
70.704200 0.000000
70.595400 0.000000
118.566000 47.977900
70.486700 0.000000
70.377900 0.000000
84.192400 13.864000
121.829000 51.506900
70.269100 0.000000
70.160300 0.000000
91.371600 21.258100
70.051500 0.000000
86.694200 16.720800
69.942800 0.000000
69.834000 0.000000
69.725200 0.000000
80.276500 10.587100
81.908100 12.267500
69.616400 0.000000
69.507700 0.000000
87.346900 17.897200
69.398900 0.000000
69.290100 0.000000
69.181300 0.000000
85.171400 16.048600
69.072600 0.000000
85.280100 16.216700
88.652200 19.661700
68.963800 0.000000
68.855000 0.000000
68.746200 0.000000
68.637500 0.000000
86.694200 18.149200
68.528700 0.000000
68.419900 0.000000
82.669500 14.368200
68.202400 0.000000
82.016900 13.864000
81.581800 13.443900
68.093600 0.000000
80.058900 12.015500
67.984800 0.000000
78.318500 10.335000
103.337000 35.374200
97.571800 29.660600
67.876000 0.000000
90.066300 22.266400
67.767300 0.000000
67.658500 0.000000
81.255400 13.611900
78.862400 11.259300
67.549700 0.000000
67.440900 0.000000
67.332200 0.000000
67.223400 0.000000
67.114600 0.000000
81.473000 14.368200
78.536100 11.511300
92.133000 25.123300
67.005800 0.000000
66.897100 0.000000
96.592800 29.744600
66.788300 0.000000
66.679500 0.000000
81.037900 14.368200
79.188700 12.603600
66.570700 0.000000
93.112000 26.551700
66.462000 0.000000
66.353200 0.000000
66.244400 0.000000
80.602800 14.368200
66.135600 0.000000
66.026800 0.000000
65.918100 0.000000
65.809300 0.000000
65.700500 0.000000
78.427300 12.771700
65.591700 0.000000
65.483000 0.000000
65.374200 0.000000
65.265400 0.000000
65.156600 0.000000
77.448300 12.351600
65.047900 0.000000
64.939100 0.000000
76.904400 12.015500
64.830300 0.000000
76.795600 12.015500
64.721500 0.000000
64.612800 0.000000
64.504000 0.000000
125.092000 60.665500
64.395200 0.000000
76.578100 12.267500
64.286400 0.000000
64.177700 0.000000
77.122000 13.023800
125.092000 61.001600
80.276500 16.300700
63.960100 0.000000
81.690500 17.813200
63.851300 0.000000
63.742600 0.000000
92.133000 28.400200
63.633800 0.000000
63.525000 0.000000
76.795600 13.359900
63.416200 0.000000
63.307500 0.000000
63.198700 0.000000
63.089900 0.000000
99.203400 36.130400
62.981100 0.000000
62.872400 0.000000
77.339500 14.536200
62.763600 0.000000
62.654800 0.000000
78.100900 15.544500
62.546000 0.000000
73.967500 11.427300
73.097300 10.587100
62.437200 0.000000
106.709000 44.280800
87.455700 25.123300
62.328500 0.000000
91.589100 29.324500
62.219700 0.000000
83.866100 21.678300
62.110900 0.000000
62.002100 0.000000
61.893400 0.000000
61.784600 0.000000
61.675800 0.000000
61.567000 0.000000
108.776000 47.221700
61.458300 0.000000
97.789400 36.382500
61.349500 0.000000
61.240700 0.000000
71.900700 10.671100
61.131900 0.000000
61.023200 0.000000
86.694200 25.711400
92.024200 31.089000
60.914400 0.000000
60.805600 0.000000
75.925400 15.208400
60.696800 0.000000
82.125700 21.510200
60.588100 0.000000
60.479300 0.000000
60.370500 0.000000
91.806700 31.509100
60.261700 0.000000
60.153000 0.000000
60.044200 0.000000
72.879700 12.939700
59.935400 0.000000
83.866100 24.030900
59.826600 0.000000
144.672000 84.864500
59.717900 0.000000
92.133000 32.433400
59.609100 0.000000
78.536100 18.989500
59.500300 0.000000
99.203400 39.743500
59.391500 0.000000
59.282800 0.000000
