0.000000 147.883000
0.000000 142.001000
0.000000 141.161000
0.000000 139.480000
0.000000 136.960000
0.000000 136.119000
0.000000 134.439000
0.000000 133.599000
0.000000 132.758000
0.000000 131.918000
0.000000 130.238000
0.000000 129.397000
0.000000 128.557000
0.000000 127.717000
0.000000 126.877000
0.000000 126.036000
0.000000 125.196000
0.000000 124.356000
0.000000 123.516000
0.000000 122.675000
0.000000 121.835000
0.000000 120.995000
13.053100 133.599000
0.000000 120.155000
0.000000 119.315000
0.000000 118.474000
0.000000 117.634000
0.000000 116.794000
0.000000 115.954000
25.453500 141.161000
0.000000 115.113000
0.000000 114.273000
0.000000 113.433000
0.000000 112.593000
0.000000 111.752000
11.747800 122.675000
0.000000 110.912000
0.000000 110.072000
0.000000 109.232000
13.597000 122.675000
0.000000 108.391000
0.000000 107.551000
0.000000 106.711000
28.499200 134.439000
0.000000 105.871000
0.000000 105.030000
0.000000 104.190000
0.000000 103.350000
0.000000 102.510000
0.000000 101.669000
0.000000 100.829000
0.000000 99.988900
0.000000 99.148700
0.000000 98.308400
0.000000 97.468200
0.000000 96.627900
15.228600 111.752000
0.000000 95.787700
20.884900 115.954000
0.000000 94.947500
0.000000 94.107200
0.000000 93.267000
0.000000 92.426700
26.323700 118.474000
0.000000 91.586500
43.401500 134.439000
29.151900 120.155000
0.000000 90.746200
15.119800 105.030000
0.000000 89.906000
15.990000 105.871000
10.377200 99.988900
13.161900 102.510000
0.000000 89.065800
0.000000 88.225500
0.000000 87.385300
19.906000 106.711000
0.000000 86.545000
32.959000 119.315000
0.000000 85.704800
24.583300 110.072000
12.509200 97.468200
0.000000 84.864500
23.930700 108.391000
0.000000 84.024300
0.000000 83.856200
0.000000 83.772200
0.000000 83.688200
0.000000 83.604200
0.000000 83.520200
0.000000 83.436100
0.000000 83.352100
0.000000 83.268100
0.000000 83.184100
0.000000 83.100000
0.000000 83.016000
0.000000 82.932000
0.000000 82.848000
0.000000 82.679900
0.000000 82.511900
0.000000 82.343800
0.000000 82.175800
48.949100 131.078000
27.955400 110.072000
0.000000 82.091700
0.000000 82.007700
0.000000 81.755600
18.274300 99.988900
0.000000 81.587600
0.000000 81.503600
0.000000 81.419500
0.000000 81.335500
0.000000 81.167500
0.000000 80.999400
0.000000 80.915400
0.000000 80.747300
0.000000 80.663300
0.000000 80.579300
0.000000 80.495300
0.000000 80.411300
0.000000 80.243200
0.000000 80.159200
0.000000 79.991100
0.000000 79.907100
0.000000 79.823100
0.000000 79.739100
0.000000 79.655000
11.965300 91.586500
0.000000 79.571000
0.000000 79.487000
0.000000 79.403000
0.000000 79.318900
0.000000 79.234900
0.000000 79.150900
0.000000 79.066900
0.000000 78.982800
0.000000 78.898800
0.000000 78.814800
0.000000 78.730800
0.000000 78.562700
0.000000 78.394700
0.000000 78.310600
0.000000 78.226600
0.000000 78.142600
0.000000 78.058600
0.000000 77.974500
0.000000 77.890500
13.161900 90.746200
0.000000 77.554400
0.000000 77.470400
0.000000 77.386400
0.000000 77.302400
0.000000 77.218300
0.000000 77.050300
0.000000 76.882200
0.000000 76.798200
0.000000 76.714200
0.000000 76.378100
0.000000 76.294100
52.321100 128.557000
0.000000 76.126000
0.000000 76.042000
19.797200 95.787700
0.000000 75.958000
34.155600 110.072000
0.000000 75.873900
0.000000 75.789900
0.000000 75.705900
0.000000 75.621900
0.000000 75.453800
0.000000 75.369800
0.000000 75.285800
0.000000 75.201700
0.000000 75.117700
0.000000 74.949700
0.000000 74.781600
0.000000 74.697600
0.000000 74.613600
0.000000 74.529600
0.000000 74.361500
0.000000 74.277500
0.000000 74.193500
0.000000 74.025400
0.000000 73.941400
0.000000 73.857400
0.000000 73.689300
0.000000 73.605300
0.000000 73.521300
10.529500 84.024300
0.000000 73.437200
0.000000 73.353200
0.000000 73.269200
0.000000 73.185200
0.000000 73.101100
0.000000 72.933100
11.095100 84.024300
0.000000 72.849100
0.000000 72.765000
0.000000 72.681000
0.000000 72.597000
0.000000 72.513000
0.000000 72.428900
0.000000 72.344900
0.000000 72.260900
0.000000 72.176900
0.000000 72.092800
0.000000 71.924800
0.000000 71.840800
0.000000 71.756700
0.000000 71.588700
0.000000 71.504700
0.000000 71.420700
0.000000 71.336600
17.730400 89.065800
0.000000 71.252600
0.000000 71.168600
0.000000 71.084600
0.000000 71.000500
0.000000 70.916500
0.000000 70.832500
0.000000 70.748500
0.000000 70.664400
0.000000 70.580400
0.000000 70.496400
0.000000 70.412400
0.000000 70.328300
0.000000 70.244300
0.000000 70.160300
0.000000 70.076300
0.000000 69.992200
0.000000 69.908200
0.000000 69.740200
0.000000 69.656100
0.000000 69.572100
15.337400 84.864500
0.000000 69.488100
0.000000 69.404100
0.000000 69.320000
0.000000 68.899900
0.000000 68.815900
0.000000 68.731900
0.000000 68.563800
0.000000 68.479800
0.000000 68.395800
0.000000 68.227700
0.000000 68.143700
0.000000 68.059700
0.000000 67.975700
0.000000 67.891600
0.000000 67.807600
0.000000 67.723600
0.000000 67.639600
0.000000 67.555500
0.000000 67.471500
0.000000 67.387500
35.134500 102.510000
0.000000 67.219400
0.000000 67.135400
0.000000 67.051400
0.000000 66.967400
37.310100 104.190000
0.000000 66.799300
0.000000 66.715300
0.000000 66.631300
0.000000 66.547200
0.000000 66.463200
0.000000 66.379200
17.077800 83.436100
0.000000 66.295200
42.966400 109.232000
0.000000 66.211100
0.000000 66.127100
22.951700 89.065800
12.182900 78.226600
0.000000 66.043100
0.000000 65.959100
65.156600 131.078000
0.000000 65.875000
0.000000 65.791000
0.000000 65.707000
0.000000 65.623000
0.000000 65.539000
0.000000 65.454900
0.000000 65.286900
0.000000 65.202900
11.095100 76.294100
0.000000 65.118800
0.000000 65.034800
0.000000 64.950800
0.000000 64.866800
0.000000 64.782700
0.000000 64.698700
0.000000 64.614700
0.000000 64.530700
0.000000 64.446600
0.000000 64.278600
0.000000 64.194600
0.000000 64.110500
0.000000 64.026500
26.867600 90.746200
0.000000 63.858500
0.000000 63.774400
0.000000 63.690400
0.000000 63.606400
10.877600 74.445500
0.000000 63.522400
0.000000 63.438300
0.000000 63.270300
0.000000 63.186300
0.000000 63.102200
13.270600 76.294100
0.000000 63.018200
0.000000 62.934200
0.000000 62.850200
0.000000 62.766200
0.000000 62.682100
0.000000 62.598100
0.000000 62.514100
67.767300 130.238000
0.000000 62.346000
0.000000 62.262000
0.000000 62.178000
0.000000 62.009900
0.000000 61.925900
21.102500 83.016000
20.123500 82.007700
23.821900 85.704800
21.755100 83.604200
0.000000 61.841900
0.000000 61.757900
0.000000 61.673800
0.000000 61.589800
0.000000 61.505800
19.144500 80.579300
0.000000 61.421800
0.000000 61.337700
0.000000 61.253700
0.000000 61.085700
16.642700 77.722500
0.000000 61.001600
0.000000 60.917600
0.000000 60.833600
0.000000 60.749600
0.000000 60.665500
51.994800 112.593000
0.000000 60.581500
0.000000 60.497500
0.000000 60.413500
0.000000 60.329400
14.467200 74.781600
17.948000 78.226600
0.000000 60.245400
0.000000 60.161400
0.000000 60.077400
0.000000 59.993300
0.000000 59.909300
26.650000 86.545000
0.000000 59.825300
0.000000 59.741300
0.000000 59.657300
0.000000 59.573200
0.000000 59.489200
0.000000 59.405200
35.569700 94.947500
22.842900 82.175800
0.000000 59.321200
0.000000 59.237100
11.421400 70.580400
0.000000 59.153100
0.000000 59.069100
11.530200 70.580400
0.000000 58.985100
0.000000 58.901000
0.000000 58.817000
23.386800 82.175800
0.000000 58.733000
43.836600 102.510000
0.000000 58.649000
0.000000 58.564900
0.000000 58.480900
0.000000 58.396900
20.341100 78.730800
0.000000 58.312900
0.000000 58.228800
0.000000 58.144800
0.000000 58.060800
0.000000 57.976800
0.000000 57.892700
0.000000 57.808700
0.000000 57.724700
0.000000 57.640700
10.540400 68.143700
0.000000 57.556600
0.000000 57.388600
13.161900 70.496400
0.000000 57.304600
0.000000 57.220500
0.000000 57.136500
23.169200 80.243200
0.000000 57.052500
0.000000 56.968500
0.000000 56.884400
0.000000 56.800400
0.000000 56.716400
0.000000 56.632400
0.000000 56.548400
21.102500 77.638500
23.604300 79.991100
0.000000 56.380300
0.000000 56.296300
0.000000 56.212300
0.000000 56.128200
0.000000 56.044200
12.400400 68.395800
0.000000 55.960200
0.000000 55.876200
0.000000 55.792100
0.000000 55.708100
0.000000 55.624100
10.116100 65.707000
0.000000 55.540100
0.000000 55.456000
0.000000 55.372000
0.000000 55.288000
0.000000 55.204000
0.000000 55.119900
21.863900 76.966300
0.000000 55.035900
0.000000 54.951900
0.000000 54.867900
0.000000 54.783800
0.000000 54.699800
0.000000 54.615800
0.000000 54.531800
0.000000 54.447700
0.000000 54.363700
0.000000 54.279700
0.000000 54.195700
0.000000 54.027600
0.000000 53.943600
0.000000 53.859600
0.000000 53.775600
0.000000 53.691500
0.000000 53.607500
0.000000 53.439500
0.000000 53.355400
0.000000 53.271400
0.000000 53.187400
0.000000 53.103400
0.000000 53.019300
0.000000 52.935300
36.983700 89.906000
13.053100 65.959100
0.000000 52.851300
0.000000 52.767300
13.270600 65.959100
0.000000 52.683200
0.000000 52.599200
0.000000 52.515200
0.000000 52.431200
0.000000 52.347100
0.000000 52.263100
0.000000 52.179100
0.000000 52.095100
14.032100 66.127100
0.000000 52.011000
0.000000 51.927000
20.232300 72.092800
0.000000 51.759000
0.000000 51.674900
0.000000 51.590900
20.232300 71.756700
0.000000 51.506900
0.000000 51.422900
0.000000 51.338800
0.000000 51.254800
30.457200 81.671600
0.000000 51.170800
0.000000 51.086800
0.000000 51.002700
0.000000 50.918700
28.825600 79.739100
22.190200 73.101100
0.000000 50.834700
0.000000 50.750700
0.000000 50.666700
0.000000 50.582600
21.755100 72.260900
0.000000 50.498600
0.000000 50.414600
0.000000 50.330600
0.000000 50.162500
0.000000 50.078500
46.556000 96.627900
0.000000 49.994500
0.000000 49.910400
0.000000 49.826400
16.207600 65.959100
0.000000 49.742400
45.250700 94.947500
10.986300 60.665500
0.000000 49.658400
0.000000 49.574300
0.000000 49.490300
0.000000 49.406300
0.000000 49.322300
0.000000 49.238200
0.000000 49.154200
0.000000 49.070200
0.000000 48.986200
0.000000 48.902100
0.000000 48.818100
0.000000 48.734100
13.053100 61.757900
0.000000 48.650100
0.000000 48.566000
0.000000 48.482000
24.039400 72.513000
29.043100 77.470400
0.000000 48.398000
0.000000 48.314000
0.000000 48.229900
0.000000 48.145900
0.000000 48.061900
0.000000 47.977900
0.000000 47.893800
0.000000 47.809800
68.202400 115.954000
0.000000 47.725800
16.098800 63.774400
0.000000 47.641800
0.000000 47.557800
19.470800 66.967400
0.000000 47.473700
54.279100 101.669000
0.000000 47.389700
64.395200 111.752000
0.000000 47.305700
20.993700 68.227700
0.000000 47.221700
36.004800 83.184100
48.622700 95.787700
0.000000 47.137600
0.000000 47.053600
0.000000 46.969600
0.000000 46.885600
0.000000 46.801500
43.945400 90.746200
62.437200 109.232000
0.000000 46.717500
11.203900 57.892700
0.000000 46.633500
11.095100 57.724700
0.000000 46.549500
0.000000 46.465400
64.504000 110.912000
0.000000 46.381400
0.000000 46.297400
0.000000 46.213400
0.000000 46.129300
10.235800 56.296300
0.000000 46.045300
0.000000 45.961300
0.000000 45.877300
0.000000 45.793200
0.000000 45.709200
0.000000 45.625200
25.888600 71.504700
0.000000 45.541200
0.000000 45.457100
82.343200 127.717000
0.000000 45.373100
0.000000 45.289100
19.362100 64.614700
0.000000 45.205100
39.703100 84.864500
0.000000 45.121000
0.000000 45.037000
10.725300 55.708100
16.533900 61.505800
0.000000 44.953000
0.000000 44.869000
0.000000 44.785000
0.000000 44.700900
27.193900 71.840800
0.000000 44.532900
0.000000 44.448900
0.000000 44.364800
0.000000 44.280800
0.000000 44.196800
0.000000 44.112800
0.000000 44.028700
0.000000 43.944700
0.000000 43.860700
0.000000 43.776700
0.000000 43.692600
0.000000 43.608600
0.000000 43.524600
20.558600 64.026500
0.000000 43.440600
24.148200 67.555500
0.000000 43.356500
20.993700 64.278600
0.000000 43.272500
16.207600 59.405200
0.000000 43.188500
89.631200 132.758000
0.000000 43.104500
0.000000 43.020400
0.000000 42.936400
0.000000 42.852400
0.000000 42.768400
35.352100 78.058600
0.000000 42.684300
13.814500 56.464300
0.000000 42.600300
0.000000 42.516300
0.000000 42.432300
0.000000 42.348200
0.000000 42.264200
0.000000 42.180200
0.000000 42.096200
86.476700 128.557000
0.000000 42.012100
0.000000 41.928100
0.000000 41.844100
41.443500 83.268100
0.000000 41.760100
27.520300 69.236000
0.000000 41.676100
0.000000 41.592000
17.186600 58.733000
0.000000 41.508000
0.000000 41.340000
0.000000 41.171900
0.000000 41.003900
0.000000 40.919800
0.000000 40.835800
0.000000 40.751800
