162.666000 0.000000
173.252000 35.794400
136.202000 0.000000
151.198000 16.720800
146.259000 21.930300
122.794000 0.000000
132.674000 19.577700
165.489000 53.019300
217.006000 117.634000
99.152300 0.000000
232.884000 134.439000
97.917300 0.000000
160.373000 62.934200
97.388100 0.000000
206.420000 110.072000
93.153800 0.000000
91.213100 0.000000
215.242000 124.356000
87.684500 0.000000
86.449500 0.000000
192.306000 105.871000
163.019000 78.058600
161.431000 77.050300
82.921000 0.000000
97.035200 14.704300
82.038800 0.000000
81.862400 0.000000
81.686000 0.000000
147.493000 65.875000
129.674000 48.061900
95.623800 15.628500
115.384000 35.626300
79.039600 0.000000
202.892000 125.196000
77.451700 0.000000
98.799500 21.594200
108.327000 31.425100
151.022000 74.277500
195.835000 120.155000
194.070000 119.315000
93.506600 19.157500
96.682300 22.518500
85.920300 11.763400
73.923200 0.000000
71.806000 0.000000
105.327000 33.525700
70.394600 0.000000
119.618000 49.994500
87.861000 18.317300
102.152000 33.273600
68.806800 0.000000
158.079000 89.906000
98.799500 31.761200
174.487000 107.551000
66.336800 0.000000
94.035900 27.728000
66.160400 0.000000
87.684500 22.014400
115.384000 49.826400
155.256000 89.906000
102.504000 37.558900
64.396100 0.000000
95.094500 30.836900
163.019000 99.148700
92.624500 28.988400
118.030000 54.783800
130.027000 66.799300
85.920300 22.770600
151.198000 88.225500
91.565900 28.904400
62.631800 0.000000
92.271700 29.744600
62.279000 0.000000
75.158200 13.780000
148.728000 87.385300
82.038800 21.594200
79.039600 18.653400
126.675000 66.631300
125.264000 65.286900
59.809000 0.000000
110.267000 51.002700
58.926800 0.000000
78.157400 19.325600
75.511000 17.056900
126.499000 68.479800
90.330900 32.433400
89.978100 32.097300
103.916000 46.045300
68.277500 10.503000
164.431000 106.711000
166.018000 108.391000
74.276000 17.897200
98.446600 42.180200
106.386000 50.246500
112.737000 57.304600
55.221800 0.000000
68.277500 13.443900
170.782000 115.954000
54.516100 0.000000
54.339700 0.000000
99.152300 44.869000
86.626000 32.349400
53.810400 0.000000
78.686700 25.291300
69.865300 16.720800
70.747500 17.645100
68.806800 15.880600
126.146000 73.269200
129.674000 76.882200
85.214500 32.769500
52.222600 0.000000
52.046200 0.000000
140.260000 88.225500
108.503000 56.632400
102.857000 51.086800
76.216700 24.703100
51.340400 0.000000
126.499000 75.369800
190.542000 139.480000
50.987600 0.000000
50.634700 0.000000
68.101100 17.477100
72.158900 21.846300
76.216700 26.047500
61.749700 11.595400
64.396100 14.368200
49.752600 0.000000
68.806800 19.157500
152.963000 103.350000
49.223300 0.000000
48.870500 0.000000
87.155200 38.315100
48.341200 0.000000
81.156700 32.937500
61.220400 13.023800
129.851000 81.671600
47.988300 0.000000
47.635500 0.000000
172.723000 125.196000
92.448100 44.953000
85.214500 38.231100
89.801700 42.852400
64.396100 17.477100
137.614000 90.746200
68.453900 21.678300
88.390200 41.760100
90.330900 43.776700
46.400500 0.000000
61.573200 15.208400
56.456800 10.166900
97.035200 50.750700
46.224000 0.000000
118.912000 72.933100
45.871200 0.000000
83.626700 37.895000
94.035900 48.398000
69.336100 23.778900
88.390200 43.188500
45.165500 0.000000
86.449500 41.340000
122.088000 77.050300
44.989000 0.000000
72.158900 27.223900
106.386000 61.673800
173.252000 128.557000
44.636200 0.000000
116.442000 71.924800
93.330200 48.818100
175.545000 131.078000
44.283300 0.000000
92.448100 48.229900
43.930500 0.000000
54.516100 10.587100
57.162600 13.275800
43.754100 0.000000
43.577600 0.000000
71.982500 28.568300
43.401200 0.000000
90.860200 47.473700
115.560000 72.428900
65.631100 22.518500
92.800900 49.826400
103.387000 60.497500
42.871900 0.000000
81.862400 39.071300
60.338200 17.813200
69.512500 27.055800
123.676000 81.335500
42.166200 0.000000
55.927600 13.780000
146.259000 104.190000
62.102500 20.081800
57.515400 15.628500
41.813300 0.000000
86.449500 44.785000
76.746000 35.206200
61.926100 20.417900
41.460500 0.000000
104.622000 63.270300
115.913000 74.781600
41.107600 0.000000
123.676000 82.679900
67.395400 26.635700
40.754800 0.000000
79.392400 38.651200
75.334600 34.618000
40.578400 0.000000
116.266000 75.705900
65.101800 24.619100
112.208000 71.756700
67.218900 26.803800
40.401900 0.000000
82.744600 42.600300
54.869000 14.788300
73.217500 33.189600
138.319000 98.308400
39.872600 0.000000
61.573200 21.762300
78.686700 38.903200
117.148000 77.386400
54.339700 14.620200
118.030000 78.310600
39.696200 0.000000
55.398300 15.712500
61.220400 21.678300
39.519800 0.000000
81.686000 42.180200
98.975900 59.489200
71.100300 31.677200
39.343400 0.000000
73.217500 33.945800
101.799000 62.598100
39.166900 0.000000
89.625200 50.582600
139.025000 99.988900
38.814100 0.000000
66.866100 28.064100
179.956000 141.161000
50.987600 12.435600
38.461200 0.000000
67.748200 29.492500
38.108400 0.000000
65.278200 27.223900
37.931900 0.000000
37.755500 0.000000
50.634700 12.939700
57.515400 19.829700
37.579100 0.000000
86.802400 49.322300
70.394600 32.937500
37.402700 0.000000
120.324000 82.932000
49.046900 11.763400
54.869000 17.645100
95.094500 57.892700
49.046900 11.931500
74.981700 37.895000
70.923900 33.861800
37.049800 0.000000
36.873400 0.000000
53.281100 16.468800
148.552000 111.752000
78.157400 41.508000
73.570300 36.970700
36.520500 0.000000
36.344100 0.000000
69.688900 33.357600
82.215300 45.961300
36.167700 0.000000
93.683100 57.640700
35.991200 0.000000
72.158900 36.214500
83.803100 47.893800
79.392400 43.524600
100.387000 64.530700
35.814800 0.000000
68.806800 33.105600
35.638400 0.000000
75.863900 40.331700
64.219700 28.736300
35.462000 0.000000
46.400500 11.007200
55.927600 20.586000
71.806000 36.466500
35.285500 0.000000
60.338200 25.123300
135.144000 99.988900
35.109100 0.000000
47.282600 12.183500
87.861000 52.767300
45.518300 10.503000
46.224000 11.259300
34.932700 0.000000
109.032000 74.109400
92.095200 57.220500
34.756200 0.000000
53.810400 19.157500
81.862400 47.221700
62.279000 27.644000
34.579800 0.000000
34.403400 0.000000
58.221100 23.862900
62.631800 28.316200
45.518300 11.259300
55.927600 21.678300
119.089000 84.864500
46.929700 12.771700
53.281100 19.157500
34.050500 0.000000
128.969000 94.947500
51.164000 17.225000
59.985400 26.047500
98.623000 64.698700
33.874100 0.000000
96.858800 63.018200
83.273800 49.490300
33.697700 0.000000
33.521200 0.000000
55.574700 22.098400
77.804600 44.364800
98.799500 65.539000
66.866100 33.609700
54.339700 21.090100
46.753300 13.527900
74.628900 41.424000
33.168400 0.000000
155.786000 122.675000
32.992000 0.000000
113.972000 80.999400
66.160400 33.189600
53.457600 20.586000
32.815500 0.000000
50.281900 17.477100
44.989000 12.267500
113.972000 81.251500
85.920300 53.271400
32.639100 0.000000
50.281900 17.729100
71.276800 38.735200
32.462700 0.000000
53.281100 20.838000
83.273800 50.834700
90.330900 57.892700
98.975900 66.547200
43.930500 11.511300
32.286300 0.000000
87.861000 55.708100
32.109800 0.000000
49.752600 17.729100
74.452500 42.432300
44.106900 12.099500
54.692600 22.686600
31.933400 0.000000
51.340400 19.409600
61.573200 29.660600
108.150000 76.294100
60.338200 28.484200
69.865300 38.063000
31.757000 0.000000
56.456800 24.703100
57.868300 26.131600
31.580500 0.000000
62.984700 31.425100
47.635500 16.132700
55.751100 24.283000
46.047600 14.620200
65.278200 33.861800
31.404100 0.000000
47.106200 15.712500
50.634700 19.241600
119.618000 88.225500
46.224000 14.872300
77.628200 46.297400
70.041800 38.735200
41.460500 10.166900
31.227700 0.000000
136.202000 105.030000
76.746000 45.625200
68.983200 37.895000
66.866100 35.794400
31.051300 0.000000
73.217500 42.180200
61.749700 30.752900
43.754100 12.771700
43.401200 12.519600
30.874800 0.000000
82.568100 51.759000
50.458300 19.661700
69.159600 38.399100
44.106900 13.359900
52.399000 21.678300
30.698400 0.000000
46.224000 15.544500
61.396800 30.752900
65.807500 35.206200
52.222600 21.678300
30.522000 0.000000
103.034000 72.513000
50.811200 20.333900
79.392400 48.986200
60.867500 30.500800
30.345600 0.000000
113.443000 83.100000
94.918100 64.698700
50.105400 19.913800
30.169100 0.000000
132.674000 102.510000
136.026000 105.871000
72.158900 42.096200
43.754100 13.696000
42.871900 12.855700
47.988300 17.981200
46.047600 16.048600
29.992700 0.000000
91.213100 61.253700
61.396800 31.593100
29.639800 0.000000
46.753300 17.141000
74.452500 44.869000
76.216700 46.633500
47.811900 18.233300
43.224800 13.696000
79.745300 50.246500
159.667000 130.238000
65.807500 36.382500
75.334600 45.961300
29.287000 0.000000
39.872600 10.587100
126.675000 97.468200
54.163300 25.039200
29.110600 0.000000
28.934100 0.000000
43.048300 14.200100
77.981000 49.154200
47.282600 18.485300
57.868300 29.072400
54.163300 25.375300
98.270200 69.488100
28.757700 0.000000
59.809000 31.089000
43.048300 14.368200
40.931200 12.267500
71.629600 43.020400
71.100300 42.516300
28.581300 0.000000
40.401900 11.931500
58.044700 29.576600
45.518300 17.056900
28.404800 0.000000
48.694000 20.333900
44.459800 16.216700
28.228400 0.000000
101.622000 73.437200
42.519100 14.368200
89.801700 61.673800
51.340400 23.274700
28.052000 0.000000
57.339000 29.324500
49.752600 21.762300
55.045400 27.055800
82.038800 54.111600
64.219700 36.298500
49.929000 22.014400
64.043200 36.130400
27.875600 0.000000
50.634700 22.770600
59.456100 31.593100
40.931200 13.107800
68.101100 40.331700
116.795000 89.065800
137.790000 110.072000
27.699100 0.000000
47.282600 19.661700
61.044000 33.441700
48.164700 20.586000
