134.597000 22.266400
105.621000 21.930300
79.543000 0.000000
103.752000 25.291300
110.295000 35.794400
111.229000 37.222800
71.317600 0.000000
97.208800 33.357600
78.888700 16.720800
61.035900 0.000000
101.882000 39.407400
98.143500 38.819200
69.167800 11.595400
82.440600 24.787200
81.879800 24.871200
53.371400 0.000000
103.752000 49.658400
103.752000 56.716400
44.024400 0.000000
41.968000 0.000000
71.878500 30.164700
39.818200 0.000000
37.388000 0.000000
113.099000 75.285800
111.229000 74.025400
34.210000 0.000000
32.901500 0.000000
31.779800 0.000000
109.360000 74.781600
69.261300 36.466500
58.792700 27.980100
95.339400 63.438300
82.627500 51.843000
101.882000 70.748500
28.321400 0.000000
44.024400 15.460500
134.597000 103.350000
39.163900 11.427300
51.595500 24.451100
89.450800 61.253700
70.850300 43.440600
75.991100 48.566000
49.913000 23.610800
72.906600 45.793200
68.233100 42.096200
45.987300 20.838000
91.974500 65.454900
24.021800 0.000000
59.353500 34.365900
62.251000 37.390800
36.640300 12.855700
35.518600 11.931500
23.087100 0.000000
54.960400 30.836900
45.333000 21.930300
107.491000 82.007700
98.143500 73.101100
51.595500 28.316200
22.152400 0.000000
50.567300 27.475900
44.491700 21.678300
56.829800 33.861800
38.790100 16.720800
75.336900 52.179100
50.567300 28.400200
39.257400 17.561100
62.438000 39.995600
20.656900 0.000000
46.735000 25.291300
36.640300 15.712500
54.025700 32.769500
19.909100 0.000000
49.726100 28.820300
19.628700 0.000000
80.851600 59.405200
78.701800 57.640700
150.487000 126.877000
51.688900 31.761200
50.847700 31.005000
73.560900 52.935300
66.831100 46.465400
18.413600 0.000000
53.558300 33.861800
18.320100 0.000000
36.546800 17.561100
45.146000 25.879500
43.183200 24.199000
61.222900 41.676100
38.509700 19.913800
66.457200 47.053600
44.304800 25.795500
96.274100 75.873900
17.478900 0.000000
69.261300 49.910400
76.552000 56.968500
52.156300 33.525700
17.198500 0.000000
63.933500 45.037000
52.249800 33.861800
124.315000 103.350000
41.968000 24.283000
105.621000 85.704800
54.306100 36.382500
45.333000 27.812000
27.199800 10.419000
28.321400 11.679400
53.745300 36.298500
15.889900 0.000000
29.910400 13.611900
59.914300 42.600300
45.239500 28.484200
15.609500 0.000000
15.516000 0.000000
46.922000 30.500800
77.673600 60.161400
31.873300 16.048600
26.171600 10.671100
30.097400 14.536200
71.317600 54.363700
14.861700 0.000000
14.674800 0.000000
29.443100 14.284100
14.394400 0.000000
36.453300 21.258100
14.300900 0.000000
61.222900 45.289100
14.020500 0.000000
13.927000 0.000000
60.475100 44.869000
33.368800 18.821400
13.740100 0.000000
31.779800 17.393000
13.646600 0.000000
48.791400 33.861800
71.411100 55.708100
51.688900 36.718600
13.459700 0.000000
13.366200 0.000000
69.635200 54.279700
64.400900 49.238200
29.162700 15.292400
13.272700 0.000000
13.179300 0.000000
66.457200 51.422900
73.934800 58.649000
45.987300 31.761200
12.992300 0.000000
67.859300 52.935300
51.221600 36.970700
12.805400 0.000000
46.361100 32.349400
12.711900 0.000000
42.248500 28.484200
12.618500 0.000000
54.399600 40.331700
47.295800 33.525700
68.980900 54.447700
34.864300 21.594200
12.431500 0.000000
30.377800 17.309000
12.151100 0.000000
81.318900 66.631300
34.303500 21.342200
53.371400 39.743500
84.683900 69.908200
12.057600 0.000000
11.964200 0.000000
24.302200 11.931500
23.741400 11.427300
11.870700 0.000000
37.575000 24.787200
11.777200 0.000000
11.683800 0.000000
11.590300 0.000000
11.496800 0.000000
86.646700 72.428900
77.299700 63.438300
105.621000 90.746200
11.403300 0.000000
23.834900 12.015500
11.309900 0.000000
26.265100 14.452200
90.946400 76.798200
72.345800 58.901000
79.543000 65.875000
78.888700 65.286900
140.205000 124.356000
100.948000 86.545000
11.029500 0.000000
37.855400 25.879500
22.713200 11.343300
10.936000 0.000000
10.842500 0.000000
33.742700 22.182400
61.129400 48.566000
37.575000 25.879500
30.751600 19.325600
10.655600 0.000000
71.411100 58.564900
10.562100 0.000000
28.414900 17.225000
10.468600 0.000000
68.326600 55.792100
10.375200 0.000000
38.883500 27.475900
28.134500 17.141000
10.281700 0.000000
10.188200 0.000000
42.715800 31.341100
69.354800 57.052500
35.612100 24.619100
10.001300 0.000000
85.525100 72.765000
88.796500 75.958000
25.423900 14.956300
81.038500 68.563800
21.872000 11.595400
60.849000 49.154200
74.869500 62.682100
24.676100 14.368200
69.167800 57.304600
23.087100 12.939700
28.601800 18.401300
49.819500 38.903200
89.170400 76.882200
20.189500 10.503000
38.322700 27.980100
48.230500 37.558900
112.164000 99.148700
72.532800 61.001600
42.902800 32.601400
37.575000 27.560000
25.330400 15.796600
48.043600 37.726900
31.405900 21.762300
48.043600 37.810900
35.425100 25.711400
38.509700 28.736300
48.697900 38.567200
37.388000 27.728000
60.755500 50.246500
68.794000 58.228800
54.306100 44.280800
25.984700 17.056900
19.722200 11.091200
65.148600 54.867900
42.435400 33.021500
57.110200 47.221700
19.067900 10.587100
60.755500 50.750700
38.229200 29.072400
21.124200 12.603600
32.247200 23.358800
48.511000 39.071300
35.425100 26.467700
61.129400 51.254800
33.181900 24.367000
79.916900 69.404100
25.984700 17.477100
63.559600 53.691500
29.069200 20.501900
45.987300 36.802600
34.210000 25.459400
39.163900 30.248700
102.817000 91.586500
74.869500 64.698700
40.846400 31.929200
63.653100 53.943600
25.797700 17.477100
27.854100 19.493600
43.463600 34.534000
26.452000 18.149200
52.623600 43.524600
71.317600 61.589800
136.466000 124.356000
50.099900 41.171900
21.685100 13.864000
89.450800 79.150900
43.650500 35.038100
81.318900 71.336600
23.834900 15.964600
75.897700 66.127100
31.966800 23.862900
46.641600 38.063000
106.556000 95.787700
18.880900 11.343300
21.404600 13.780000
28.321400 20.501900
74.308700 64.866800
28.041000 20.333900
24.208700 16.720800
40.939900 32.853500
35.425100 27.560000
83.468700 73.857400
79.169100 69.740200
78.888700 69.488100
22.713200 15.376400
17.572400 10.503000
151.421000 139.480000
59.540400 51.002700
26.545500 19.241600
25.236900 17.981200
28.695300 21.342200
23.180600 16.048600
24.021800 16.888900
