120.100000 35.794400
101.878000 22.266400
79.100100 0.000000
88.625200 14.872300
71.314300 0.000000
105.191000 37.222800
68.084100 0.000000
101.049000 39.407400
74.378900 16.720800
57.068000 0.000000
93.594900 38.735200
74.213300 23.694900
64.439700 16.384700
59.470000 11.595400
95.251400 49.658400
68.084100 21.510200
46.714600 0.000000
80.011200 36.970700
57.647800 13.780000
78.851600 35.962400
43.981300 0.000000
71.562800 29.744600
54.417600 12.519600
112.645000 74.025400
60.049800 22.938600
62.783100 28.820300
101.049000 70.748500
32.634000 0.000000
32.219800 0.000000
81.667800 51.843000
50.607500 19.913800
88.625200 61.253700
51.767100 23.022700
102.706000 76.798200
28.906700 0.000000
28.326900 0.000000
48.122700 20.838000
57.647800 31.005000
55.163000 28.820300
79.265800 54.279700
40.585400 14.116100
75.207200 50.750700
42.324800 16.720800
77.360700 53.355400
57.565000 32.769500
59.884200 35.374200
48.371200 23.610800
25.013900 0.000000
63.114400 39.743500
61.706400 38.399100
49.116600 25.291300
46.217700 23.106700
71.480000 49.574300
64.439700 42.264200
62.534600 40.751800
23.026000 0.000000
60.298300 38.903200
22.943200 0.000000
91.938300 72.428900
32.551100 10.839100
104.362000 85.704800
82.827300 63.270300
63.777000 43.440600
82.827300 63.438300
45.058100 24.451100
21.286600 0.000000
77.277900 58.480900
57.068000 37.558900
76.780900 58.228800
72.970900 54.447700
20.624000 0.000000
49.862100 30.836900
101.878000 85.704800
89.453500 72.765000
19.464400 0.000000
36.858200 18.317300
44.561100 26.383600
49.199400 31.257000
59.387200 41.928100
31.391600 12.855700
19.050300 0.000000
56.488200 39.071300
18.967500 0.000000
54.334700 36.970700
54.169100 36.802600
28.823900 10.419000
71.065900 54.447700
50.027700 32.769500
89.453500 73.857400
42.738900 25.291300
63.114400 46.633500
82.661700 67.303500
17.973500 0.000000
45.058100 28.316200
17.725000 0.000000
52.595400 36.382500
17.642200 0.000000
75.290000 60.161400
44.395500 27.980100
60.712400 45.037000
41.413700 24.955200
49.447900 33.357600
87.797000 73.353200
34.124900 17.477100
79.348600 64.698700
64.439700 49.238200
59.304400 44.112800
37.769300 21.678300
16.813900 0.000000
47.045900 31.509100
38.183400 22.434500
89.453500 75.873900
52.595400 37.558900
79.100100 65.286900
44.478300 29.240500
43.732800 28.484200
45.637900 30.500800
31.391600 15.712500
54.748900 40.079600
36.941000 21.678300
49.116600 34.450000
32.882500 17.561100
69.243700 55.456000
72.639600 59.069100
76.780900 63.438300
69.409300 55.792100
87.797000 75.033700
49.282300 35.038100
15.571500 0.000000
77.609200 64.698700
77.112200 64.194600
41.165200 26.803800
15.405900 0.000000
58.807400 45.289100
15.240200 0.000000
73.053700 60.329400
86.140400 74.025400
46.383300 32.601400
51.435800 37.979000
14.908900 0.000000
77.443600 65.202900
53.009500 39.743500
14.743300 0.000000
64.025500 51.422900
45.637900 32.349400
14.577600 0.000000
47.128800 33.945800
37.852100 24.283000
40.668200 27.223900
30.894600 17.141000
14.412000 0.000000
67.835600 55.708100
45.140900 32.097300
76.366800 64.782700
30.066300 16.552800
38.928800 25.795500
14.163500 0.000000
14.080600 0.000000
77.526400 66.127100
37.769300 24.703100
63.031600 51.254800
13.832200 0.000000
37.438000 24.619100
51.352900 39.155300
47.957000 35.626300
13.749300 0.000000
36.609700 23.862900
28.244100 15.208400
62.203300 50.666700
80.094000 69.404100
112.645000 103.350000
13.418000 0.000000
46.549000 34.534000
45.389400 33.357600
53.092300 41.424000
43.650000 31.593100
32.965300 20.501900
77.195100 66.631300
36.609700 24.367000
54.583200 43.104500
48.785300 37.222800
13.003900 0.000000
40.336900 28.484200
48.536800 37.138700
39.094500 27.307900
50.193400 38.903200
39.177300 27.475900
86.968700 77.386400
25.593600 13.443900
12.672600 0.000000
91.110100 81.755600
68.912300 58.649000
12.589800 0.000000
45.058100 33.861800
12.506900 0.000000
63.280100 52.935300
28.989600 17.225000
12.341300 0.000000
26.090600 14.368200
62.617500 52.515200
43.318700 32.433400
12.175600 0.000000
53.423600 43.020400
12.092800 0.000000
77.940500 68.647900
80.756700 71.588700
66.924500 57.304600
11.844300 0.000000
40.254100 29.660600
11.761500 0.000000
74.378900 65.286900
11.678700 0.000000
11.595800 0.000000
45.555000 35.458300
36.278400 25.795500
11.513000 0.000000
43.650000 33.525700
67.669900 58.564900
11.347300 0.000000
64.522500 55.456000
27.333000 16.720800
11.264500 0.000000
11.098900 0.000000
56.156900 46.969600
43.318700 33.609700
48.371200 38.903200
11.016000 0.000000
25.262300 14.872300
30.397600 20.249900
45.058100 35.542300
66.261900 57.640700
34.704700 24.787200
42.904600 33.357600
63.197300 54.531800
10.850400 0.000000
62.369000 53.691500
22.446200 12.099500
10.767600 0.000000
31.805700 21.930300
65.102300 56.632400
40.502600 31.005000
46.134800 36.886700
33.379400 23.610800
24.019900 13.864000
20.955300 10.671100
10.684700 0.000000
45.058100 35.878400
32.385500 22.686600
50.441800 41.508000
10.601900 0.000000
43.153000 33.945800
39.674300 30.332800
39.591500 30.248700
45.637900 36.550600
45.555000 36.466500
93.594900 86.545000
47.791400 38.819200
71.397200 63.438300
10.519100 0.000000
52.346900 43.608600
61.375100 53.019300
10.436200 0.000000
37.355100 28.064100
36.278400 26.971800
10.353400 0.000000
25.262300 15.544500
35.036000 25.795500
10.270600 0.000000
36.858200 27.728000
59.967000 51.843000
59.387200 51.254800
10.187800 0.000000
61.375100 53.355400
87.797000 80.915400
10.104900 0.000000
55.577100 47.389700
57.647800 49.574300
35.864200 26.887800
29.486500 20.249900
38.266200 29.408500
10.022100 0.000000
31.060300 22.014400
30.894600 21.930300
39.260200 30.668900
63.362900 55.792100
22.114900 12.855700
45.969200 37.726900
27.415800 18.401300
45.058100 36.802600
19.795700 10.503000
22.694700 13.527900
40.171300 31.761200
30.977400 22.182400
68.829500 61.757900
116.787000 111.752000
55.660000 48.061900
72.473900 65.623000
22.943200 14.032100
33.213800 24.787200
44.809600 36.886700
35.118800 26.803800
34.870300 26.551700
38.928800 30.836900
37.189500 29.072400
61.457900 54.363700
63.942700 56.968500
33.296600 25.039200
40.502600 32.601400
55.163000 47.893800
38.514700 30.584800
50.027700 42.600300
101.049000 95.787700
43.070200 35.374200
23.523000 15.040300
67.587100 61.001600
66.096200 59.489200
81.253600 75.285800
47.542900 40.163600
96.079700 90.746200
26.007800 17.729100
31.805700 23.778900
40.419700 32.769500
31.225900 23.190700
24.682500 16.384700
