38.9032 14.0321
11.2593 25.7798
33.3576 11.8566
26.7197 56.1283
12.2675 25.5623
19.2416 51.5597
62.5141 35.2433
62.5141 35.2433
52.011 101.705
33.2736 55.3668
33.2736 55.3668
33.2736 55.3668
33.2736 55.3668
25.9635 25.3447
84.0243 69.5077
84.0243 69.5077
50.2465 67.6585
23.1067 79.0799
23.1067 79.0799
39.4074 94.3085
11.0072 83.9748
32.8535 13.0531
58.5649 45.577
35.7944 36.3311
46.8856 50.2544
16.4688 18.1655
19.4096 67.6585
19.4096 67.6585
19.4096 67.6585
15.7966 108.776
15.7966 108.776
16.7208 108.776
22.4345 29.4782
75.2858 94.1998
75.2858 94.1998
75.2858 94.1998
88.2255 23.4956
35.7944 69.0726
50.3306 53.7352
55.5401 49.2754
57.8087 62.9811
36.8026 62.9811
43.8607 29.8045
43.8607 29.8045
74.6976 77.9922
74.6976 77.9922
108.391 23.9307
108.391 23.9307
108.391 13.597
33.6937 38.5066
69.32 93.2208
69.32 93.2208
69.32 93.2208
69.32 93.2208
12.1835 27.0851
35.9624 67.9848
30.8369 21.8639
116.794 62.1109
116.794 62.1109
45.7932 72.3358
25.6274 16.2076
38.147 62.6548
38.147 62.6548
25.6274 64.9391
46.7175 93.2208
23.6108 108.123
28.8203 50.5807
81.6716 79.6238
11.8474 112.039
63.4383 112.039
63.4383 112.039
91.5865 11.9653
22.6025 76.9044
12.0155 76.9044
12.0155 76.9044
46.5495 54.1703
14.1161 105.186
14.1161 105.186
11.7634 129.443
79.0669 61.2407
51.843 12.7268
23.8629 40.6821
37.5589 33.1766
56.1282 21.8639
21.5102 17.6217
60.2454 152.286
27.3919 61.4583
11.3433 26.8676
66.5472 47.7525
74.4455 10.8776
13.5279 15.8813
10.1669 26.8676
14.5362 64.2864
41.34 17.1866
77.2183 39.1593
23.9469 30.3484
66.1271 42.0962
66.1271 42.0962
44.5329 33.2854
14.1161 11.3127
12.0995 14.6847
21.0061 10.0835
38.8192 28.9343
93.267 12.0741
12.0155 80.0589
83.4361 12.0741
36.6346 116.39
34.534 85.3889
36.8867 85.3889
26.0475 84.6275
38.7352 51.4509
31.9292 75.2728
31.9292 75.2728
25.8795 15.011
47.9779 31.545
68.1437 62.7636
29.9967 15.5549
36.7186 10.04
43.1045 53.1913
43.1045 53.1913
31.005 90.0663
9.99889 145.759
9.99889 145.759
9.99889 145.759
73.5213 145.759
73.5213 145.759
38.6512 98.9859
38.6512 98.9859
62.346 82.452
74.7816 21.4288
74.7816 21.4288
72.0088 54.7142
72.0088 54.7142
72.0088 54.7142
88.2255 35.3521
24.367 31.8713
18.8214 75.7079
32.7695 30.0221
12.1835 124.004
12.1835 124.004
19.2416 33.6117
24.115 63.0899
14.2841 35.6784
14.2841 35.6784
12.2675 48.0789
11.0072 66.0268
11.0072 66.0268
16.3847 12.1829
33.1056 133.794
33.1056 133.794
33.1056 133.794
33.1056 133.794
15.3764 56.6721
74.6976 59.2828
74.6976 59.2828
111.752 15.2286
111.752 64.3952
70.7485 47.2087
70.7485 47.2087
30.6689 38.0715
11.3433 67.7673
11.3433 67.7673
23.1067 46.7735
15.9646 45.2507
56.2123 19.3621
98.3084 12.1829
48.8181 50.4719
46.2974 50.907
48.8181 22.0815
87.3853 97.0279
87.3853 97.0279
11.3433 108.449
72.9331 23.3868
72.9331 23.3868
108.391 24.257
68.8159 108.776
94.9475 65.2654
45.7932 71.5744
38.3991 41.9874
38.3991 41.9874
51.5909 53.1913
76.7982 57.6511
76.7982 57.6511
117.634 125.092
38.6512 14.1408
40.1636 30.1309
14.8723 46.0121
14.8723 46.0121
29.3245 91.5891
33.1056 118.566
33.1056 118.566
47.9779 118.566
47.9779 118.566
15.7125 58.6301
15.7125 58.6301
77.0503 61.0232
83.6042 93.3295
83.6042 93.3295
23.4428 62.3285
38.6512 71.1393
12.0155 16.6427
67.8916 41.8786
46.8015 41.6611
46.8015 41.6611
51.6749 57.3248
26.8038 12.0741
30.5848 96.2665
30.5848 96.2665
59.6573 38.9417
24.199 38.7241
99.1487 71.9007
99.1487 71.9007
33.4417 42.0962
25.0392 20.1235
25.0392 20.1235
23.5268 40.7909
66.7153 90.2838
66.7153 90.2838
34.702 45.1419
14.6202 51.7772
14.6202 51.7772
56.2123 40.247
56.2123 40.247
20.4179 11.4214
104.19 16.6427
15.3764 71.9007
20.9221 12.0741
43.8607 49.3842
36.7186 12.5092
56.2123 31.2186
59.6573 65.0479
30.4168 25.5623
40.7518 17.8392
36.3825 97.7894
36.3825 97.7894
53.1034 29.1519
53.1034 29.1519
95.7877 68.855
95.7877 68.855
15.2084 64.3952
15.2084 64.3952
71.8408 16.969
31.089 37.6364
123.516 91.8067
123.516 91.8067
40.1636 73.6411
12.6877 60.4793
38.3991 95.3963
38.3991 95.3963
10.7551 12.4004
22.8546 53.6264
74.3615 18.8182
17.393 16.8602
88.2255 85.7152
46.8856 67.9848
57.3886 103.554
57.3886 103.554
57.3886 103.554
57.3886 103.554
30.7529 13.4882
15.4605 10.6709
15.4605 10.6709
21.2581 91.3716
9.99889 29.8045
29.9126 34.1556
80.7473 70.7042
80.7473 70.7042
80.7473 56.8897
57.0525 17.5129
22.6025 71.3569
47.5578 80.6028
16.1327 20.2323
27.1398 41.8786
130.238 12.4004
130.238 10.2793
53.1034 48.6227
53.1034 48.6227
11.0912 82.452
52.1791 87.4557
12.6877 95.7226
17.225 45.2507
26.2996 10.5512
80.9994 44.598
80.9994 44.598
36.4665 23.7131
14.7043 58.8477
52.1791 14.7935
18.5694 33.5029
18.5694 33.5029
89.0658 55.0405
89.0658 55.0405
16.7208 42.205
11.2593 78.8624
11.2593 78.8624
22.4345 58.3038
105.03 15.1198
15.7125 29.3694
16.3007 80.2765
32.4334 92.133
25.1233 92.133
25.1233 92.133
21.2581 67.1146
21.2581 67.1146
11.2593 89.8487
83.016 80.2765
83.016 80.2765
19.4096 10.399
16.4688 45.9033
16.4688 45.9033
10.503 64.6128
64.6147 86.4767
64.6147 86.4767
64.6147 86.4767
106.711 51.9948
15.3764 19.6884
100.829 62.7636
100.829 62.7636
23.6949 22.9517
25.2913 53.3001
15.7966 47.3174
69.236 27.5203
56.2963 38.3978
56.8844 41.5523
95.7877 82.3432
95.7877 82.3432
95.7877 82.3432
51.5069 40.5733
51.5069 40.5733
84.8645 39.7031
84.8645 39.7031
67.4715 48.9491
30.0807 67.2234
48.0619 61.8934
11.5113 67.7673
26.1316 77.9922
67.3875 32.8503
58.5649 44.9244
16.5528 59.3915
16.5528 59.3915
16.5528 59.3915
62.346 25.0184
62.346 25.0184
42.1802 47.0999
55.456 39.8119
55.456 39.8119
124.356 66.462
124.356 66.462
12.3516 46.8823
47.2217 53.4089
74.5296 75.0552
13.948 36.2223
19.3256 53.1913
39.2393 53.844
115.954 20.8849
47.2217 38.7241
16.3847 50.1456
31.5091 91.8067
31.5091 91.8067
64.6147 11.3127
11.2593 126.18
18.8214 21.1025
39.1553 32.959
43.3565 116.39
43.3565 116.39
43.3565 116.39
43.3565 116.39
21.8463 21.7551
141.161 25.4535
141.161 25.4535
14.8723 95.3963
34.1139 65.5917
93.267 12.5092
113.433 117.478
113.433 117.478
94.9475 39.8119
94.9475 39.8119
69.32 85.3889
72.1769 107.905
72.1769 107.905
72.1769 107.905
88.2255 103.663
17.6451 98.3332
27.728 74.5114
43.1045 41.8786
43.1045 41.8786
74.6136 39.0505
85.7048 10.214
58.733 69.9428
16.3007 108.232
10.5871 94.3085
14.2001 88.2171
60.4975 50.3631
72.2609 99.7473
42.6003 24.9096
37.3068 61.3495
25.7114 17.5129
79.571 47.6438
37.979 10.66
56.3803 68.855
20.2499 66.1356
68.7319 42.6401
11.0072 124.004
31.6772 67.5497
72.0088 66.3532
10.8391 30.0221
35.0381 38.8329
29.6606 54.7142
127.717 82.3432
68.1437 37.0925
72.765 75.164
50.9187 33.5029
37.6429 11.639
54.0276 35.4609
54.0276 35.4609
54.0276 35.4609
13.2758 36.3311
17.0569 58.9564
54.2797 15.5549
43.7767 14.6847
20.838 110.951
20.838 110.951
17.141 21.7551
28.0641 22.6253
70.5804 11.5302
89.0658 30.3484
38.3991 16.3164
10.335 63.1987
70.1603 110.951
70.1603 110.951
70.1603 110.951
70.1603 110.951
67.1354 119.653
84.8645 15.3374
42.4323 121.829
12.7717 13.0531
12.7717 13.0531
71.7567 20.2323
69.7402 122.917
89.906 80.7116
89.906 80.7116
92.4267 84.6275
92.4267 84.6275
53.1874 53.6264
23.4428 12.5092
23.3588 36.1135
35.7103 46.6648
35.8784 49.3842
35.8784 49.3842
35.8784 49.3842
70.4964 13.1619
48.566 46.0121
23.0227 64.1777
10.8391 39.4856
24.115 40.6821
30.1647 31.8713
24.283 36.9837
62.094 93.8734
62.094 93.8734
61.5058 64.1777
11.9315 128.355
11.9315 128.355
11.4273 86.5855
11.4273 86.5855
33.4417 22.1902
19.1575 45.6858
51.759 17.4041
62.8502 25.4535
21.3422 97.5718
21.3422 97.5718
45.8773 45.9033
14.7043 39.1593
74.6136 36.875
74.7816 14.4672
16.5528 54.3878
36.4665 28.2817
33.6097 30.2396
22.6866 22.299
18.0652 10.5621
43.2725 28.3905
26.8038 11.0951
93.267 19.5796
57.8087 11.3127
29.9967 23.278
72.9331 12.0741
25.2913 16.969
51.0027 54.9317
94.9475 35.5697
81.2515 64.8303
66.7993 80.7116
25.9635 80.7116
59.7413 59.0652
75.8739 40.6821
73.4372 37.0925
73.4372 37.0925
70.0763 42.8576
69.6561 39.3768
99.9889 18.2743
109.232 36.6574
27.644 57.5423
56.3803 22.7341
26.2996 18.8182
49.3223 56.7809
11.4273 118.566
109.232 62.4372
109.232 62.4372
109.232 62.4372
40.6678 11.0951
17.0569 22.1902
74.9497 102.684
74.9497 102.684
74.9497 102.684
17.225 72.6622
120.155 89.8487
30.8369 66.2444
10.6711 33.1766
38.8192 44.2717
19.9138 14.9023
27.1398 68.2024
76.9663 21.8639
30.0807 98.3332
62.346 34.4819
37.2228 34.4819
66.7153 63.1987
49.7424 56.8897
12.8557 49.3842
96.6279 106.927
96.6279 106.927
41.508 48.9491
42.0121 74.2938
42.0121 74.2938
42.6003 22.1902
18.9895 11.0951
60.0774 115.302
60.0774 115.302
81.4195 49.1666
40.9198 56.1283
66.1271 14.0321
69.5721 105.839
69.5721 105.839
69.5721 105.839
69.5721 105.839
69.5721 105.839
24.7872 105.839
10.0829 110.951
61.0016 125.092
61.0016 125.092
19.4936 129.443
19.4936 129.443
14.3682 81.0379
16.7208 86.6942
38.3991 100.509
10.335 78.3185
63.7744 60.3705
77.8065 88.8697
77.8065 88.8697
36.7186 47.535
40.0796 39.3768
61.0016 29.9133
54.1957 35.896
108.391 75.8167
32.3494 49.3842
67.4715 15.2286
58.817 62.9811
58.817 62.9811
21.5942 31.2186
22.1824 11.4214
16.9729 10.1923
47.8938 88.1083
13.948 39.3768
46.0453 37.6364
47.4737 33.8292
39.4914 37.0925
32.9375 112.039
21.5942 33.0678
10.0829 39.3768
12.0995 17.7304
33.1056 57.5423
18.2333 58.7389
14.6202 142.496
52.9353 83.1046
38.5672 37.6364
38.5672 37.6364
40.6678 45.1419
13.3599 97.1367
12.0995 65.5917
39.8275 46.7735
39.8275 46.7735
12.5196 69.1813
23.1907 20.8849
11.5954 62.2197
11.0912 39.7031
126.036 102.684
36.4665 25.8886
16.8049 37.2013
96.6279 86.4767
96.6279 86.4767
96.6279 86.4767
96.6279 86.4767
96.6279 86.4767
96.6279 86.4767
27.0558 44.2717
91.5865 101.161
91.5865 101.161
15.8806 34.5907
42.8524 23.278
52.2631 19.0357
46.1293 89.0873
46.1293 89.0873
14.2841 134.882
38.147 22.1902
17.8972 87.3469
10.7551 125.092
10.7551 125.092
29.9967 10.5077
58.901 42.205
58.901 42.205
32.6014 37.7452
33.2736 51.3421
39.4074 17.4041
22.2664 90.0663
16.6368 99.2034
76.8822 96.2665
76.8822 96.2665
20.2499 69.9428
65.1188 49.928
22.1824 45.577
11.9315 17.7304
74.1094 117.478
74.1094 117.478
13.3599 76.7956
32.6855 13.4882
19.7457 55.8019
48.8181 25.9974
72.0928 149.023
84.0243 11.0951
82.1758 23.3868
12.1835 37.8539
14.1161 37.7452
20.586 96.484
20.586 96.484
79.655 122.917
19.0735 75.0552
19.0735 75.0552
17.225 13.9233
29.2405 95.2875
89.906 78.7536
13.4439 54.6054
52.0951 37.4188
72.2609 21.7551
72.2609 21.7551
54.5318 19.7972
54.5318 19.7972
49.4903 52.6474
47.7258 12.7268
35.5423 52.9738
10.251 20.8849
26.3836 29.6958
24.283 25.8886
11.1752 17.2953
50.9187 69.7252
47.7258 14.4672
49.9945 32.0888
29.6606 81.1467
15.6285 16.7515
15.6285 16.7515
13.2758 32.7415
23.1907 36.9837
19.4936 39.3768
19.4936 39.3768
26.2996 55.6932
12.3516 77.4483
32.5174 27.4115
33.3576 12.4004
43.3565 22.0815
27.4759 37.9627
22.9386 14.9023
33.1896 41.226
35.2062 39.4856
13.864 39.4856
36.8867 29.4782
67.3875 64.6128
10.419 44.7068
95.7877 48.6227
95.7877 48.6227
15.4605 15.8813
33.7778 23.1692
38.9032 38.0715
33.1896 67.0058
33.1896 67.0058
29.3245 61.0232
28.1481 70.813
47.2217 46.8823
24.9552 75.3816
14.1161 15.6637
12.1835 60.0442
34.534 65.483
67.5555 24.1482
56.8004 61.1319
24.7872 127.268
29.9126 57.216
44.1968 22.299
19.8297 64.0689
16.9729 18.7094
49.4903 107.688
49.4903 107.688
19.4096 45.4682
23.1907 20.6674
64.0265 20.5586
32.5174 25.6711
32.5174 25.6711
26.1316 98.6596
83.1841 36.0048
12.0995 84.9538
110.912 66.3532
52.0951 74.2938
34.618 13.2706
23.6949 31.4362
27.4759 58.4125
18.2333 99.9649
23.7789 13.9233
21.3422 64.1777
49.5743 37.7452
19.4936 76.3605
19.4936 76.3605
64.7827 35.5697
90.7462 62.546
90.7462 62.546
90.7462 13.1619
94.9475 31.9801
75.7899 53.0825
52.3471 53.0825
66.0431 73.8587
37.5589 67.2234
37.5589 67.2234
90.7462 43.9454
48.566 53.0825
89.0658 17.7304
88.2255 24.8009
88.2255 16.4251
88.2255 16.4251
88.2255 16.4251
46.2134 78.7536
17.9812 58.3038
43.2725 26.2149
80.6633 60.8056
80.6633 60.8056
69.9082 28.9343
25.4594 17.7304
56.4643 13.8145
14.5362 77.3395
16.3007 69.1813
22.0144 22.8429
63.6904 26.2149
24.0309 21.7551
23.6108 124.004
23.6108 124.004
23.6108 124.004
17.8132 28.1729
21.5102 34.5907
133.599 13.0531
30.4168 22.8429
16.0486 34.8082
24.199 12.5092
25.2913 61.8934
49.1542 53.9527
57.3886 67.5497
83.2681 41.4435
35.5423 39.4856
28.4002 92.133
46.7175 24.6921
12.2675 81.9081
94.1072 14.0321
15.0403 62.1109
83.6882 11.5302
78.0586 35.3521
78.0586 35.3521
78.0586 35.3521
36.9707 44.3805
18.8214 12.5092
19.7457 91.154
76.3781 36.875
100.829 77.2307
42.2642 17.2953
78.7308 20.3411
78.7308 20.3411
85.7048 23.8219
85.7048 23.8219
85.7048 23.8219
38.7352 48.0789
34.534 40.8997
113.433 30.0221
113.433 12.5092
30.4168 48.9491
18.4853 46.556
75.5378 59.3915
10.6711 45.6858
25.7114 86.6942
18.1492 86.6942
41.2559 26.65
14.8723 20.8849
41.7601 10.1053
17.141 81.0379
37.6429 65.1566
37.6429 65.1566
17.393 32.0888
14.7883 20.5586
24.9552 27.1939
13.0238 77.122
12.1835 42.3137
30.1647 48.8403
21.4262 33.938
21.4262 33.938
26.9718 80.494
63.3543 17.5129
13.78 71.2481
96.6279 49.2754
52.8513 13.0531
66.6313 30.3484
87.3853 85.7152
110.912 79.1887
110.912 79.1887
35.7103 65.2654
35.7103 65.2654
35.7103 65.2654
65.707 25.6711
53.9436 24.6921
38.147 86.803
38.147 86.803
110.072 34.1556
110.072 34.1556
18.1492 45.3595
11.9315 11.7478
17.7291 51.2334
20.4179 51.2334
10.5871 54.6054
15.2084 13.597
25.3753 67.5497
11.3433 36.6574
38.8192 38.3978
43.4406 26.3237
55.9602 33.3941
43.6086 42.8576
69.152 42.7488
64.2786 20.9937
12.0155 17.948
50.4146 41.226
14.3682 81.473
10.251 38.0715
63.9425 47.4262
18.4013 17.8392
16.1327 19.4708
31.005 61.7846
27.56 63.9601
59.6573 66.1356
24.5351 35.7872
15.2084 75.9254
12.3516 10.66
11.1752 19.906
19.5777 62.4372
102.51 43.8366
26.8878 62.0021
31.173 15.3374
12.2675 38.3978
24.9552 36.0048
29.4085 72.4446
76.2941 13.2706
33.1056 16.6427
43.6086 57.7599
85.7048 18.3831
85.7048 18.3831
66.5472 28.0641
81.6716 30.4572
81.6716 27.4115
14.9563 16.4251
52.7673 34.4819
52.7673 34.4819
52.7673 34.4819
105.871 15.99
10.0829 40.6821
32.3494 39.3768
48.0619 110.951
48.0619 110.951
48.314 64.0689
34.0298 64.3952
128.557 86.4767
35.7944 21.1025
45.6252 36.1135
73.6053 36.0048
59.3212 55.9107
12.0995 32.6327
12.0995 32.6327
17.8972 75.2728
26.3836 37.9627
44.953 11.9653
90.7462 114.214
11.8474 14.6847
25.9635 48.1876
72.0088 54.6054
37.3068 56.6721
62.262 85.3889
62.262 85.3889
42.5163 28.1729
62.178 42.6401
89.906 32.6327
89.906 32.6327
79.9911 23.6043
116.794 25.9974
116.794 25.9974
61.0857 69.6164
61.0857 69.6164
61.0857 69.6164
14.1161 34.0468
18.9055 45.1419
18.9055 45.1419
80.4953 47.9701
80.4953 47.9701
25.1233 13.9233
11.9315 124.004
32.1813 31.4362
32.1813 31.4362
12.8557 42.0962
14.0321 127.268
14.0321 127.268
26.9718 62.3285
48.9862 58.8477
48.9862 58.8477
83.016 21.1025
80.5793 25.1272
20.838 13.3794
45.3731 50.1456
45.3731 50.1456
45.3731 50.1456
14.7043 77.2307
65.4549 44.598
65.4549 44.598
20.838 45.6858
17.8132 81.6905
17.8132 81.6905
10.7551 48.6227
12.0155 65.8093
78.2266 12.1829
17.309 21.4288
55.1199 142.496
71.5887 17.4041
55.456 68.2024
55.456 68.2024
14.3682 67.3322
77.5544 30.6747
12.5196 38.7241
12.7717 11.8566
31.005 11.3127
17.5611 74.9465
39.7435 98.3332
39.7435 98.3332
61.0016 98.3332
61.0016 98.3332
80.2432 75.2728
80.2432 75.2728
80.2432 23.1692
29.7446 96.5928
29.7446 96.5928
21.9303 124.004
145.362 112.039
77.6385 21.1025
29.9126 36.1135
20.1658 38.5066
24.7872 74.9465
12.3516 37.9627
30.1647 65.8093
20.4179 34.4819
25.4594 57.3248
34.0298 28.7168
82.5959 84.0836
110.912 64.504
32.7695 48.9491
35.7944 26.65
15.2084 16.2076
15.2084 16.2076
67.4715 10.04
38.063 13.4882
59.4052 16.2076
23.2747 32.3064
23.2747 32.3064
12.6877 47.8613
10.6711 39.9207
38.063 25.8886
49.1542 14.5759
20.5019 75.5991
20.5019 75.5991
29.4085 124.004
29.4085 124.004
9.99889 96.7016
24.7872 12.2917
55.7081 10.7253
117.634 11.4214
117.634 26.2149
26.7197 82.8871
86.545 26.65
81.5036 58.4125
12.7717 112.039
65.539 80.7116
65.539 80.7116
13.0238 100.182
31.089 92.0242
28.4842 29.8045
72.0088 57.1072
34.618 69.6164
34.618 69.6164
40.7518 27.7378
94.9475 59.5003
131.078 65.1566
131.078 48.9491
74.7816 37.4188
17.5611 51.6685
17.5611 51.6685
54.9519 63.8513
44.869 16.0988
103.35 75.8167
53.2714 66.0268
53.2714 66.0268
53.2714 66.0268
65.9591 16.2076
10.251 41.1172
11.5954 82.8871
22.5185 28.1729
43.5246 56.3458
81.5876 11.9653
47.3897 50.7983
38.9032 93.2208
38.9032 93.2208
54.4477 55.9107
84.0243 92.133
84.0243 92.133
61.0016 94.8524
21.6783 58.3038
21.6783 58.3038
16.3847 36.5486
51.5069 32.4152
58.649 51.1246
74.6976 39.0505
99.9889 19.3621
89.0658 22.9517
19.0735 35.7872
19.0735 35.7872
73.9414 51.1246
26.1316 36.1135
28.8203 13.9233
28.8203 13.9233
21.8463 32.1976
84.8645 51.5597
82.0077 20.1235
17.8972 12.618
27.1398 67.5497
27.1398 67.5497
62.9342 33.2854
15.7125 16.4251
33.3576 34.1556
18.4853 47.535
21.4262 42.5313
28.9044 18.927
36.1304 99.2034
36.1304 99.2034
12.1835 99.2034
24.7872 99.2034
11.5954 99.2034
81.2515 97.463
81.2515 97.463
13.78 130.531
56.3803 17.8392
56.3803 17.8392
18.5694 49.0578
50.7507 82.2344
20.3339 14.3584
12.8557 44.8156
27.4759 23.1692
62.6821 59.5003
88.2255 74.4026
88.2255 74.4026
88.2255 74.4026
16.9729 17.1866
16.9729 17.1866
60.2454 65.2654
108.391 52.865
108.391 52.865
108.391 52.865
22.9386 12.618
19.6617 31.7625
60.6655 10.9863
60.6655 10.9863
51.0027 26.9764
53.3554 34.4819
51.5909 64.9391
51.5909 64.9391
35.3742 14.3584
126.036 18.6006
126.036 18.6006
48.7341 45.6858
103.35 91.2628
103.35 91.2628
19.6617 30.566
48.7341 14.5759
22.7706 14.5759
108.391 10.7144
108.391 10.7144
11.5954 126.18
65.875 80.1677
65.875 80.1677
65.875 102.793
65.875 102.793
28.0641 68.6375
41.7601 68.6375
62.0099 52.5387
29.4925 49.8193
37.895 30.1309
30.3328 39.268
13.1078 88.1083
59.7413 57.8687
58.9851 59.174
123.516 96.9191
123.516 96.9191
91.5865 31.545
66.4632 55.0405
66.4632 55.0405
66.4632 55.0405
43.7767 19.6884
12.1835 41.8786
110.912 33.1766
110.912 33.1766
11.0072 40.7909
27.4759 40.7909
27.4759 40.7909
71.9248 82.0169
25.1233 37.8539
18.7374 50.1456
13.6119 81.2554
30.1647 11.639
30.1647 11.639
31.3411 21.6464
46.1293 11.639
10.503 13.9233
21.0901 76.143
20.4179 78.2097
26.9718 23.278
12.5196 16.8602
64.8668 25.4535
31.7612 16.4251
31.7612 16.4251
83.1841 51.7772
14.6202 40.7909
10.335 86.803
10.335 86.803
84.8645 83.7573
23.5268 78.4273
23.5268 78.4273
23.5268 78.4273
23.5268 78.4273
25.6274 65.0479
14.0321 82.7783
44.2808 106.709
134.439 28.4992
134.439 43.4015
63.5224 32.8503
37.6429 51.3421
46.0453 70.2691
14.4522 118.566
46.8015 93.6559
51.5909 60.4793
51.5909 60.4793
118.474 26.3237
118.474 26.3237
14.9563 67.7673
76.2941 11.0951
34.2819 67.4409
32.0133 36.6574
36.7186 23.3868
22.7706 36.6574
22.7706 36.6574
22.7706 26.2149
22.7706 17.6217
11.5954 99.2034
42.0121 11.639
54.4477 41.3348
89.906 61.1319
118.474 51.6685
35.6263 28.7168
57.3046 132.706
86.545 103.011
56.0442 40.8997
62.7662 29.8045
26.9718 44.0542
37.2228 19.4708
37.2228 19.4708
34.3659 30.8923
25.8795 38.7241
20.4179 76.143
14.8723 68.9638
12.4356 19.1445
29.9126 17.0778
38.2311 83.8661
38.2311 83.8661
87.3853 28.7168
35.8784 16.8602
68.3958 128.355
68.3958 128.355
22.7706 29.8045
66.3792 101.379
25.0392 51.886
25.0392 51.886
26.2996 47.7525
38.9873 67.4409
38.9873 67.4409
80.6633 49.3842
80.6633 49.3842
15.9646 18.2743
14.5362 114.214
16.1327 30.7835
10.335 85.9328
37.4748 24.3658
37.4748 24.3658
47.2217 108.776
47.2217 108.776
40.3317 11.7478
11.9315 21.8639
23.6108 15.4461
11.5954 86.6942
80.9994 61.4583
27.1398 19.5796
18.4853 36.1135
60.1614 61.2407
60.1614 61.2407
60.1614 61.2407
28.8203 137.057
28.8203 137.057
18.3173 85.6065
17.5611 38.3978
14.7883 25.8886
45.2051 14.1408
30.2487 49.928
30.2487 49.928
20.586 36.4399
50.6667 15.2286
31.173 78.9712
31.173 78.9712
30.4168 45.9033
30.4168 45.9033
42.7684 76.7956
42.7684 76.7956
42.7684 76.7956
41.424 68.9638
95.7877 59.2828
95.7877 59.2828
139.48 128.355
139.48 128.355
139.48 128.355
139.48 128.355
76.8822 135.97
76.8822 135.97
76.8822 135.97
76.8822 135.97
76.8822 135.97
76.8822 135.97
13.864 26.7588
16.0486 85.1714
16.3007 32.6327
95.7877 58.5213
95.7877 58.5213
30.2487 24.8009
14.6202 31.545
17.6451 118.566
11.6794 44.9244
14.5362 44.9244
22.8546 80.494
32.0973 31.4362
39.5754 58.5213
17.4771 133.794
73.1011 22.1902
73.1011 22.1902
25.7114 26.1062
37.3068 16.2076
42.5163 18.3831
74.7816 32.3064
122.675 11.7478
133.599 21.8639
48.2299 27.3027
44.1128 52.4299
13.948 20.4498
39.0713 55.9107
32.6014 54.823
18.3173 52.4299
42.1802 13.7057
35.7944 66.8971
58.733 17.1866
80.3272 70.2691
10.0829 95.07
10.0829 95.07
34.45 49.7105
34.45 49.7105
23.9469 62.7636
79.9071 117.478
79.9071 117.478
24.115 23.9307
26.2156 13.9233
39.4074 18.1655
65.875 32.0888
65.875 32.0888
56.4643 14.4672
51.5069 121.829
16.9729 61.0232
10.1669 85.9328
24.199 10.1597
114.273 18.7094
69.068 46.2297
43.7767 56.8897
25.2073 48.2964
43.1045 56.6721
43.1045 56.6721
13.1918 11.5302
68.4798 92.4593
68.4798 92.4593
51.1708 29.9133
60.4975 21.6464
35.8784 64.8303
77.1343 126.18
77.1343 126.18
77.1343 126.18
33.5257 14.4672
44.869 43.2927
44.869 19.7972
10.251 59.174
65.3709 121.829
65.3709 121.829
65.3709 121.829
65.3709 121.829
80.5793 19.1445
47.0536 18.3831
31.089 31.6537
26.8878 102.575
44.4489 102.575
93.267 24.8009
11.6794 62.9811
19.4936 32.6327
17.141 22.5166
24.4511 16.4251
35.0381 58.6301
51.1708 68.4199
55.456 29.3694
62.346 58.4125
62.346 58.4125
56.3803 22.4078
12.1835 68.3111
36.2985 25.6711
23.7789 94.5261
23.7789 94.5261
23.7789 94.5261
12.7717 78.4273
67.1354 52.2123
67.1354 52.2123
35.3742 103.337
75.958 72.7709
30.3328 84.6275
11.5954 116.39
11.5954 116.39
11.5954 116.39
14.8723 52.6474
96.6279 46.556
96.6279 46.556
11.6794 135.97
17.6451 135.97
109.232 42.9664
25.7955 84.845
25.7955 84.845
14.1161 52.1036
39.7435 99.2034
39.7435 99.2034
39.7435 99.2034
22.1824 15.011
18.4853 90.8277
26.7197 34.917
58.1448 74.5114
58.1448 74.5114
11.5954 35.7872
11.8474 13.2706
57.2205 21.2113
15.8806 44.0542
27.0558 79.2975
27.0558 79.2975
41.508 79.2975
10.6711 11.4214
40.9198 113.127
40.9198 113.127
45.9613 10.5404
77.7225 16.6427
33.3576 108.776
15.0403 108.776
15.0403 108.776
10.1669 46.2297
17.4771 43.8366
73.6893 33.5029
17.8972 37.4188
12.0155 16.5339
11.0912 56.5634
39.9115 42.6401
84.8645 44.3805
84.8645 44.3805
66.6313 60.8056
66.6313 60.8056
9.99889 60.8056
16.8889 56.9985
15.2084 34.2643
20.67 41.4435
24.6191 73.3148
20.9221 43.2927
28.4842 28.8256
28.4842 28.8256
24.115 43.8366
15.0403 63.4162
15.0403 63.4162
24.115 18.6006
18.4853 33.5029
10.251 34.4819
42.6003 27.9554
48.7341 76.3605
11.4273 73.9675
11.4273 73.9675
102.51 35.1345
102.51 35.1345
102.51 35.1345
52.8513 108.232
12.2675 76.5781
31.5091 29.8045
82.7639 92.133
82.7639 92.133
12.3516 87.2381
35.0381 34.2643
65.707 10.1161
65.707 10.1161
22.7706 18.2743
39.8275 23.278
10.5871 80.2765
23.4428 16.3164
45.5412 63.3075
17.8972 68.9638
41.0039 119.653
14.7043 31.8713
39.4914 30.0221
13.5279 70.1603
11.1752 70.1603
54.7838 86.3679
54.7838 86.3679
54.0276 86.3679
54.0276 86.3679
40.0796 84.0836
103.35 44.1629
12.9397 60.153
22.4345 19.0357
66.4632 43.4015
66.4632 43.4015
15.0403 88.5434
23.1067 22.9517
18.4853 47.3174
30.1647 91.8067
16.1327 97.5718
72.0928 20.2323
29.6606 97.5718
21.6783 112.039
21.6783 112.039
33.6097 45.3595
38.9032 25.9974
24.4511 56.5634
24.4511 56.5634
19.4936 22.299
11.4273 33.6117
43.2725 61.4583
66.9674 19.4708
16.8049 92.133
26.9718 63.7426
44.0287 32.8503
76.7982 29.2607
76.7982 29.2607
15.9646 20.7762
10.503 42.4225
98.3084 105.295
28.3162 73.5324
39.4074 25.5623
23.5268 17.2953
21.9303 119.653
21.9303 119.653
53.1034 131.619
53.1034 131.619
53.1034 131.619
53.1034 131.619
50.7507 131.619
63.7744 16.0988
63.7744 16.0988
48.8181 21.1025
13.864 84.1924
79.403 44.4893
56.9685 88.1083
56.9685 88.1083
56.9685 88.1083
56.9685 88.1083
54.2797 47.8613
51.759 75.3816
36.6346 14.0321
32.0133 24.8009
79.571 28.1729
30.8369 34.8082
56.8004 45.6858
78.2266 17.948
26.8878 72.4446
26.8878 68.7462
29.4085 59.9354
29.4085 59.9354
40.3317 18.3831
11.0072 62.0021
38.3991 13.8145
11.8474 117.478
12.0155 113.127
71.8408 27.1939
27.8961 49.1666
56.5484 44.0542
11.0072 59.5003
14.6202 59.5003
18.8214 12.5092
50.2465 84.1924
48.1459 68.5287
49.7424 15.1198
14.1161 17.5129
57.1365 36.7662
65.791 66.8971
27.8961 59.0652
27.8961 59.0652
27.8961 59.0652
50.5826 27.1939
50.5826 27.1939
47.9779 62.546
19.2416 15.011
12.8557 16.5339
95.7877 56.7809
37.3908 10.8123
12.0155 60.0442
33.4417 13.597
58.4809 32.4152
12.6036 110.951
10.1669 82.1257
10.1669 82.1257
21.5102 82.1257
20.754 40.4646
21.6783 118.566
10.8391 118.566
10.8391 118.566
28.2322 15.7725
38.4831 83.8661
26.8038 114.214
48.6501 46.2297
25.1233 71.1393
38.7352 126.18
36.8026 126.18
36.8026 126.18
15.2924 126.18
60.0774 71.1393
18.0652 86.6942
63.1022 114.214
63.1022 114.214
63.1022 114.214
28.3162 22.4078
11.2593 13.2706
36.3825 50.907
15.6285 45.3595
46.1293 54.6054
19.3256 54.6054
19.3256 54.6054
25.7955 21.4288
68.8159 106.818
11.5113 65.9181
14.3682 80.6028
17.5611 70.0515
14.4522 28.8256
52.4312 24.8009
90.7462 72.2271
20.0818 25.5623
20.0818 25.5623
27.3079 37.8539
12.0995 28.1729
18.6534 40.1382
99.9889 10.3772
44.7009 81.2554
11.4273 120.741
11.4273 120.741
71.0005 62.8724
36.4665 58.6301
104.19 37.3101
90.7462 26.8676
91.5865 60.8056
91.5865 60.8056
94.9475 11.0951
12.6036 58.195
32.0133 59.174
56.8004 30.3484
51.927 14.3584
25.1233 87.4557
32.0973 109.863
32.0973 109.863
39.2393 22.7341
22.7706 92.2418
16.3847 93.9822
41.2559 22.8429
47.8098 96.5928
51.4229 34.1556
10.5871 57.3248
58.0608 49.3842
12.7717 31.545
19.3256 20.9937
15.3764 32.4152
40.4157 50.6895
58.2288 19.5796
19.5777 21.7551
20.67 12.0741
20.67 12.0741
29.3245 43.184
89.906 26.65
35.8784 74.4026
35.8784 74.4026
27.4759 23.1692
65.9591 13.2706
18.7374 42.5313
22.5185 80.1677
32.6014 23.278
115.954 68.2024
115.954 68.2024
115.954 68.2024
14.2001 113.127
36.8026 75.4903
36.8026 75.4903
24.367 20.5586
24.367 20.5586
115.954 33.8292
47.6418 43.6191
47.6418 43.6191
46.0453 15.99
63.3543 66.8971
42.0962 53.1913
42.0962 53.1913
49.1542 96.1577
49.1542 96.1577
11.9315 22.9517
36.6346 44.598
16.3007 78.9712
62.178 63.525
19.0735 61.567
18.9895 78.5361
37.0547 11.7478
12.9397 72.8797
11.5954 65.2654
83.6042 21.7551
83.6042 21.7551
79.9071 45.7946
22.0984 51.9948
34.2819 99.8561
12.0155 76.7956
17.141 59.2828
17.0569 62.0021
16.1327 23.3868
32.4334 52.4299
15.5445 78.1009
32.4334 63.7426
32.0973 71.1393
26.2996 86.4767
68.3958 12.4004
22.2664 75.3816
78.3947 45.1419
78.3947 45.1419
33.2736 23.278
33.2736 23.278
36.8026 45.6858
78.2266 30.566
71.5047 25.8886
32.6855 28.8256
32.6855 28.8256
57.1365 24.9096
57.1365 24.9096
57.1365 24.9096
18.5694 22.9517
25.0392 116.39
89.0658 72.1183
89.0658 72.1183
44.3648 91.9155
23.9469 31.3274
23.9469 31.3274
18.8214 24.0394
39.6595 32.8503
39.6595 32.8503
34.7861 40.5733
63.4383 55.4756
15.7966 30.6747
50.1625 20.5586
20.2499 27.4115
94.9475 125.092
25.7114 41.8786
105.03 61.6758
105.03 61.6758
105.03 61.6758
18.2333 60.9144
35.8784 30.6747
35.8784 30.6747
24.0309 50.6895
28.0641 15.011
52.7673 75.8167
52.7673 75.8167
70.0763 141.408
94.9475 45.2507
11.9315 17.4041
98.3084 93.0032
49.8264 34.3731
15.5445 66.3532
35.0381 21.7551
35.0381 21.7551
25.2913 37.3101
122.675 13.597
122.675 35.896
122.675 35.896
94.1072 19.7972
69.7402 29.0431
37.3068 46.1209
37.3068 46.1209
13.864 46.2297
25.5434 33.8292
32.7695 13.597
97.4682 12.5092
13.1918 89.3048
63.5224 106.927
47.1376 44.1629
26.2996 63.9601
11.5954 39.9207
23.1067 10.6383
25.1233 125.092
25.1233 125.092
18.4013 65.5917
15.6285 27.4115
10.503 108.776
10.6711 71.9007
10.6711 71.9007
43.1885 18.2743
52.9353 14.5759
83.4361 17.0778
34.1979 10.2032
9.99889 35.3521
51.759 21.7551
94.9475 47.535
32.0973 73.6411
9.99889 49.928
46.4654 32.4152
46.4654 32.4152
41.34 78.9712
41.34 78.9712
41.34 78.9712
41.34 78.9712
41.34 78.9712
41.34 78.9712
56.2123 20.6674
102.51 13.1619
46.2134 47.0999
46.2134 47.0999
21.5942 34.8082
64.0265 34.4819
120.155 29.1519
19.5777 42.205
54.1957 56.8897
16.4688 80.8203
16.4688 80.8203
42.8524 63.0899
42.8524 63.0899
42.8524 63.0899
89.906 36.9837
65.9591 27.8466
65.9591 13.0531
65.9591 13.0531
15.5445 11.7478
84.8645 144.672
32.0973 144.672
19.6617 88.6522
130.238 67.7673
74.6976 13.597
74.6976 13.597
64.7827 38.3978
64.7827 38.3978
12.1835 67.7673
55.6241 82.7783
35.8784 75.3816
23.8629 58.4125
13.1078 87.3469
13.1078 87.3469
10.251 62.6548
64.6147 19.3621
101.669 54.2791
30.8369 76.0342
14.1161 63.4162
17.6451 40.6821
17.6451 40.6821
46.0453 11.2039
10.9232 112.039
32.5174 16.8602
79.7391 17.4041
10.9232 32.4152
42.5163 51.6685
39.7435 62.6548
119.315 114.214
119.315 114.214
21.6783 83.8661
15.2924 101.597
15.2924 101.597
11.3433 46.6648
10.419 91.0453
32.3494 74.5114
27.1398 18.6006
56.8844 62.9811
56.8844 62.9811
19.1575 42.6401
23.8629 14.3584
14.6202 21.6464
14.6202 21.6464
128.557 52.3211
128.557 52.3211
17.225 48.6227
63.2703 68.6375
71.5047 57.4336
71.5047 57.4336
79.1509 54.4966
33.2736 54.4966
64.0265 46.8823
11.4273 51.9948
23.0227 60.5881
10.5871 73.0973
17.7291 93.3295
35.7103 59.0652
35.7103 59.0652
35.7103 59.0652
40.0796 35.3521
76.7142 33.2854
56.2963 10.2358
36.3825 39.9207
64.9508 73.8587
89.0658 22.9517
68.1437 10.5404
82.4278 28.0641
82.4278 28.0641
46.4654 93.2208
56.2963 51.6685
56.2963 51.6685
11.5113 25.7798
49.8264 26.1062
29.3245 71.9007
57.1365 66.7883
76.4621 89.0873
42.6003 47.7525
12.6877 121.829
12.6877 121.829
18.7374 37.2013
15.2084 47.0999
15.2084 47.0999
68.2277 20.9937
39.3234 37.8539
18.2333 15.99
72.8491 81.9081
72.8491 81.9081
72.8491 81.9081
16.0486 145.759
16.0486 145.759
57.7247 11.0951
22.6025 122.917
23.1907 22.7341
52.1791 135.97
52.1791 135.97
11.0912 79.6238
12.6036 68.0936
11.6794 46.6648
80.2432 79.4063
80.2432 79.4063
70.0763 79.4063
17.8132 18.6006
17.8132 18.6006
56.8004 19.6884
38.3151 41.7699
13.864 82.0169
32.6014 20.1235
57.2205 73.3148
57.2205 73.3148
57.2205 73.3148
57.2205 73.3148
57.2205 73.3148
39.4074 95.07
39.4074 95.07
39.4074 95.07
76.9663 63.9601
37.2228 63.9601
36.7186 61.567
36.7186 61.567
21.5942 10.9863
35.7944 47.2087
35.7944 47.2087
11.5113 78.5361
12.0995 88.3259
47.4737 24.6921
47.4737 24.6921
72.513 24.0394
72.513 24.0394
57.3046 12.8355
17.4771 25.7798
14.8723 30.8923
112.593 51.9948
10.251 68.855
62.8502 38.6154
62.8502 38.6154
10.251 38.8329
21.3422 41.4435
67.8916 43.184
75.8739 35.6784
24.5351 54.2791
22.6025 93.7647
22.6025 93.7647
30.2487 60.8056
30.2487 60.8056
90.7462 20.4498
38.4831 22.299
38.4831 22.299
16.1327 68.7462
32.1813 74.0762
32.1813 74.0762
68.2277 97.463
68.2277 97.463
68.2277 97.463
112.593 41.7699
99.1487 83.431
99.1487 83.431
10.8391 95.1787
13.1078 16.969
70.5804 11.4214
14.5362 110.951
60.6655 125.092
60.6655 125.092
60.6655 125.092
13.864 35.5697
57.8927 60.4793
14.2001 60.4793
77.4704 29.0431
11.6794 89.5224
34.534 51.4509
34.534 51.4509
44.5329 30.0221
15.7966 42.9664
75.3698 63.7426
75.3698 63.7426
53.5235 19.5796
48.2299 46.8823
53.5235 26.5413
26.3836 52.1036
26.3836 52.1036
78.5627 46.0121
16.6368 38.7241
26.2156 17.0778
26.2156 17.0778
29.0724 35.5697
22.5185 12.7268
37.3908 13.0531
26.2156 66.3532
26.2156 66.3532
14.8723 105.077
11.0072 56.4546
32.3494 26.4325
30.2487 23.8219
30.2487 23.8219
102.51 42.3137
15.7966 13.2706
15.7966 13.2706
54.5318 58.195
38.4831 24.5833
26.7197 100.182
26.7197 100.182
50.4146 100.182
13.1078 17.6217
22.4345 26.7588
16.5528 11.8566
16.5528 11.8566
38.147 49.7105
22.9386 56.5634
16.6368 28.8256
16.2167 85.2801
16.2167 85.2801
55.204 24.4745
14.3682 82.6695
14.3682 82.6695
78.0586 41.8786
79.7391 28.8256
19.6617 31.6537
57.3046 16.2076
100.829 76.9044
15.2924 126.18
15.2924 126.18
48.398 13.1619
19.5777 36.875
52.2631 92.2418
12.9397 47.6438
12.9397 23.278
28.5683 11.0951
19.9978 91.3716
110.072 24.5833
110.072 24.5833
11.7634 100.618
11.7634 100.618
110.912 12.618
119.315 32.959
60.4135 13.4882
19.3256 21.2113
27.8961 31.0011
61.5058 21.32
28.3162 10.6274
28.3162 10.6274
126.877 105.512
12.4356 43.9454
40.3317 37.9627
13.1078 40.247
15.5445 25.5623
14.0321 52.6474
16.8049 52.6474
23.7789 19.906
12.8557 92.0242
17.0569 46.0121
110.072 27.9554
110.072 27.9554
48.1459 31.4362
48.1459 117.478
28.5683 13.3794
28.5683 14.6847
24.0309 83.8661
24.0309 83.8661
21.0901 41.1172
13.6119 45.3595
26.5517 93.112
20.9221 34.5907
11.6794 50.2544
28.4002 80.3852
28.4002 80.3852
71.1686 80.3852
35.1222 26.65
12.0155 50.6895
38.147 43.8366
22.5185 14.9023
22.8546 57.4336
43.9447 22.9517
62.5141 113.127
114.273 56.1283
114.273 56.1283
114.273 56.1283
13.6119 60.3705
61.7579 13.0531
66.7153 43.184
32.9375 41.7699
32.9375 41.7699
74.9497 23.3868
74.9497 23.3868
84.8645 22.4078
53.3554 24.1482
53.3554 62.3285
51.5909 21.8639
51.5909 21.8639
51.5909 32.0888
10.335 12.5092
82.1758 22.8429
82.1758 22.8429
56.2123 17.948
56.2123 19.0357
81.8397 74.2938
17.9812 90.5014
17.6451 15.5549
54.5318 33.8292
11.5954 30.3484
28.6523 21.1025
10.9232 121.829
29.6606 40.247
60.0774 37.6364
37.6429 11.2039
132.758 72.8797
132.758 72.8797
132.758 89.6312
80.9154 76.4693
80.9154 76.4693
95.7877 19.7972
17.5611 110.951
33.6097 21.5376
33.6097 21.5376
28.2322 61.6758
10.5871 36.4399
22.1824 104.533
15.4605 120.741
55.1199 21.7551
58.0608 39.1593
25.2073 108.667
25.2073 108.667
106.711 19.906
11.0912 104.098
63.2703 49.1666
43.6926 65.2654
43.6926 65.2654
15.1244 46.7735
15.1244 46.7735
11.5954 46.6648
11.5954 46.6648
36.5506 25.6711
17.0569 98.5508
15.2924 51.2334
37.2228 12.2917
49.0702 97.463
49.0702 97.463
11.7634 10.9863
14.2001 17.0778
14.1161 66.6795
25.7955 64.1777
11.0072 99.5298
34.534 67.3322
62.262 67.3322
55.204 63.9601
13.4439 81.5818
54.3637 15.011
32.3494 25.0184
51.759 32.4152
33.4417 79.7326
33.4417 79.7326
43.1885 14.1408
19.4096 62.2197
77.9745 41.226
11.8474 88.9785
11.8474 88.9785
35.8784 32.1976
32.0133 13.8145
51.927 17.7304
18.4013 69.1813
19.2416 33.2854
20.2499 11.2039
10.6711 45.3595
34.7861 19.2533
11.2593 48.6227
26.3836 62.6548
26.3836 62.6548
12.6036 79.1887
13.2758 36.4399
13.2758 36.4399
24.367 29.3694
35.7103 55.3668
34.2819 107.579
53.6915 16.4251
11.9315 73.0973
71.7567 26.5413
42.0962 33.7205
17.6451 57.7599
12.0155 128.355
11.5113 18.8182
20.754 41.0084
10.251 98.1157
10.251 98.1157
23.9469 60.8056
55.7921 25.3447
70.8325 44.4893
70.8325 44.4893
70.8325 44.4893
14.4522 11.4214
25.2073 27.629
64.8668 36.2223
89.906 116.39
89.906 116.39
17.7291 43.9454
60.3294 42.9664
60.3294 42.9664
60.3294 42.9664
70.7485 19.0357
37.7269 38.1803
37.7269 20.4498
37.7269 20.4498
21.7623 74.8377
31.3411 16.5339
10.0829 46.4472
57.8927 11.2039
61.5058 16.5339
84.0243 10.5295
62.346 28.608
